Number of reaches
9
Reach midpoint distance downstream, m
3044.4556 7449.7984 12364.1129 19123.1855 25912.5000 31613.1048 36255.2419 41335.8871 46367.4395 
Reach lengths, m
6088.9113 2721.7742 7106.8548 6411.2903 7167.3387 4233.8710 5050.4032 5110.8871 4952.2177 
Number of overpasses
365
Time, days
1.000000 2.000000 3.000000 4.000000 5.000000 6.000000 7.000000 8.000000 9.000000 10.000000 11.000000 12.000000 13.000000 14.000000 15.000000 16.000000 17.000000 18.000000 19.000000 20.000000 21.000000 22.000000 23.000000 24.000000 25.000000 26.000000 27.000000 28.000000 29.000000 30.000000 31.000000 32.000000 33.000000 34.000000 35.000000 36.000000 37.000000 38.000000 39.000000 40.000000 41.000000 42.000000 43.000000 44.000000 45.000000 46.000000 47.000000 48.000000 49.000000 50.000000 51.000000 52.000000 53.000000 54.000000 55.000000 56.000000 57.000000 58.000000 59.000000 60.000000 61.000000 62.000000 63.000000 64.000000 65.000000 66.000000 67.000000 68.000000 69.000000 70.000000 71.000000 72.000000 73.000000 74.000000 75.000000 76.000000 77.000000 78.000000 79.000000 80.000000 81.000000 82.000000 83.000000 84.000000 85.000000 86.000000 87.000000 88.000000 89.000000 90.000000 91.000000 92.000000 93.000000 94.000000 95.000000 96.000000 97.000000 98.000000 99.000000 100.000000 101.000000 102.000000 103.000000 104.000000 105.000000 106.000000 107.000000 108.000000 109.000000 110.000000 111.000000 112.000000 113.000000 114.000000 115.000000 116.000000 117.000000 118.000000 119.000000 120.000000 121.000000 122.000000 123.000000 124.000000 125.000000 126.000000 127.000000 128.000000 129.000000 130.000000 131.000000 132.000000 133.000000 134.000000 135.000000 136.000000 137.000000 138.000000 139.000000 140.000000 141.000000 142.000000 143.000000 144.000000 145.000000 146.000000 147.000000 148.000000 149.000000 150.000000 151.000000 152.000000 153.000000 154.000000 155.000000 156.000000 157.000000 158.000000 159.000000 160.000000 161.000000 162.000000 163.000000 164.000000 165.000000 166.000000 167.000000 168.000000 169.000000 170.000000 171.000000 172.000000 173.000000 174.000000 175.000000 176.000000 177.000000 178.000000 179.000000 180.000000 181.000000 182.000000 183.000000 184.000000 185.000000 186.000000 187.000000 188.000000 189.000000 190.000000 191.000000 192.000000 193.000000 194.000000 195.000000 196.000000 197.000000 198.000000 199.000000 200.000000 201.000000 202.000000 203.000000 204.000000 205.000000 206.000000 207.000000 208.000000 209.000000 210.000000 211.000000 212.000000 213.000000 214.000000 215.000000 216.000000 217.000000 218.000000 219.000000 220.000000 221.000000 222.000000 223.000000 224.000000 225.000000 226.000000 227.000000 228.000000 229.000000 230.000000 231.000000 232.000000 233.000000 234.000000 235.000000 236.000000 237.000000 238.000000 239.000000 240.000000 241.000000 242.000000 243.000000 244.000000 245.000000 246.000000 247.000000 248.000000 249.000000 250.000000 251.000000 252.000000 253.000000 254.000000 255.000000 256.000000 257.000000 258.000000 259.000000 260.000000 261.000000 262.000000 263.000000 264.000000 265.000000 266.000000 267.000000 268.000000 269.000000 270.000000 271.000000 272.000000 273.000000 274.000000 275.000000 276.000000 277.000000 278.000000 279.000000 280.000000 281.000000 282.000000 283.000000 284.000000 285.000000 286.000000 287.000000 288.000000 289.000000 290.000000 291.000000 292.000000 293.000000 294.000000 295.000000 296.000000 297.000000 298.000000 299.000000 300.000000 301.000000 302.000000 303.000000 304.000000 305.000000 306.000000 307.000000 308.000000 309.000000 310.000000 311.000000 312.000000 313.000000 314.000000 315.000000 316.000000 317.000000 318.000000 319.000000 320.000000 321.000000 322.000000 323.000000 324.000000 325.000000 326.000000 327.000000 328.000000 329.000000 330.000000 331.000000 332.000000 333.000000 334.000000 335.000000 336.000000 337.000000 338.000000 339.000000 340.000000 341.000000 342.000000 343.000000 344.000000 345.000000 346.000000 347.000000 348.000000 349.000000 350.000000 351.000000 352.000000 353.000000 354.000000 355.000000 356.000000 357.000000 358.000000 359.000000 360.000000 361.000000 362.000000 363.000000 364.000000 365.000000 
Height, meters
19.7883 19.9949 20.6269 20.3745 20.1703 20.4521 20.3971 20.2279 20.0434 19.9933 19.9528 19.7885 19.8026 20.6924 21.6213 22.3581 22.0690 21.3351 20.9434 20.8638 20.9278 21.5206 21.1426 20.9450 20.4631 20.1764 20.4736 20.4928 20.4245 20.3869 20.1316 20.4397 20.3600 20.2227 20.1580 20.1014 20.1328 20.8560 22.0703 21.6227 21.2383 21.1538 20.9155 20.7701 20.5094 20.6403 19.8994 20.0513 19.9338 20.2683 20.3521 20.7204 20.5606 20.3567 20.4317 20.2167 20.5402 20.6302 20.4309 20.2300 20.4028 20.3490 20.3802 20.4737 20.5982 20.4034 20.2214 20.0257 20.2647 20.2359 20.0136 20.2507 20.1256 19.9353 19.5286 19.6389 19.6045 19.5898 19.6909 19.6040 19.4549 19.6356 20.1618 19.4744 19.6951 19.8133 20.2154 20.3368 19.9994 20.2039 20.6816 21.0033 21.1632 20.7336 20.6930 20.6832 20.3342 20.4876 20.4724 20.7084 20.4002 19.8692 19.6102 20.1014 20.2017 20.0618 19.7900 19.7359 19.8157 19.3128 19.5009 19.3863 19.4561 19.7650 19.9554 19.7979 19.4271 19.4574 19.3314 19.5302 19.6252 19.4967 19.9292 19.8145 19.9853 22.5928 22.6017 22.0355 21.3434 20.6774 20.9639 21.3593 21.1697 21.5898 21.3597 20.9750 20.8923 20.5834 20.3918 20.4290 20.1772 20.0838 20.0294 19.8530 19.8312 19.7775 19.9859 19.9986 19.8916 19.8785 19.6003 19.4881 19.8819 19.9050 19.7892 19.6231 19.6648 19.5067 19.3683 19.3850 20.0111 20.3503 20.6949 20.4486 20.0022 19.8581 20.4955 20.3438 20.7738 20.4491 20.1126 20.6409 20.6826 20.2016 19.9684 19.7814 19.6094 19.4966 19.3210 19.1665 19.2716 19.2616 19.1577 19.1213 19.2146 18.9498 19.0921 18.8833 18.9715 18.8322 18.8136 19.0285 18.8807 18.5332 18.6051 18.5968 18.4877 18.4733 18.4330 18.2791 18.2043 18.2158 18.1467 18.4527 18.8482 19.0495 18.8206 18.4276 18.4668 18.3490 18.1635 18.1551 17.9323 18.1386 18.3131 18.6686 18.4730 18.4440 18.2821 18.2987 18.2261 18.0677 17.9529 18.0369 18.0182 17.8974 18.0278 18.2031 18.2118 18.1049 17.9660 17.9173 17.9166 17.9032 18.0647 18.0774 17.8642 18.0917 17.8738 17.9389 17.8506 18.0436 18.0061 18.2060 17.8918 17.8666 17.8161 17.8648 17.9995 17.9863 18.3744 18.6030 18.2990 18.1390 18.3068 18.1111 18.0301 18.1222 18.0936 18.0621 18.4508 18.3723 18.1213 18.0999 18.0951 17.9145 17.9712 18.3357 18.2340 18.3034 18.3833 18.2459 18.5652 18.4562 18.5362 18.2888 18.3003 18.2360 18.3402 19.0313 18.8745 18.5966 18.4453 18.4505 19.5651 19.7476 19.0822 18.9365 19.0116 18.8406 18.7296 18.4990 18.9119 18.9911 19.1455 19.0124 19.1233 18.8670 18.7979 19.1384 19.3615 18.9177 18.7087 18.8626 18.6168 18.9696 20.2070 20.2620 19.7294 19.4703 19.3616 18.9534 19.1212 19.5960 20.2139 20.3036 20.2819 20.6902 20.5596 20.0081 20.4315 20.5997 20.6599 20.4235 20.3253 20.2168 20.3797 20.5807 20.3916 20.4571 20.4455 20.4507 20.0755 19.9284 19.9812 20.0796 19.9492 20.0567 20.2698 20.0322 19.9920 20.4225 20.4074 20.5330 20.2759 20.1800 19.9814 19.6493 19.8002 20.0814 20.1097 20.2161 20.0810 19.5752 19.7634 20.0115 19.7225 20.0507 22.2425 21.5626 20.7037 20.5271 20.6787 20.3859 19.9670 
19.1494 19.2859 19.8421 19.5503 19.4109 19.7577 19.5899 19.4890 19.3757 19.3107 19.2411 19.0725 19.1215 19.8187 20.8727 21.4182 21.2477 20.4318 20.1749 20.0389 20.1840 20.7154 20.5021 20.1469 19.6976 19.4364 19.7535 19.7670 19.6532 19.7340 19.4780 19.5946 19.7332 19.4329 19.4019 19.3397 19.3263 20.0758 21.3095 20.6488 20.4091 20.5091 20.0188 19.9286 19.7310 20.0024 19.3203 19.3310 19.1364 19.5249 19.5589 19.9771 19.6086 19.6085 19.6947 19.4490 19.8404 19.7185 19.5792 19.5926 19.6208 19.7266 19.6903 19.7580 19.8676 19.6672 19.4620 19.2996 19.4574 19.5108 19.3348 19.5105 19.3864 19.2944 19.0153 18.9795 18.8854 18.9181 19.0431 18.9615 18.9236 19.0759 19.3070 18.8966 19.0203 19.2444 19.5908 19.6175 19.3348 19.4616 19.9799 20.2941 20.4400 20.0973 19.8308 20.0620 19.5317 19.7005 19.7029 19.9675 19.6408 19.3052 18.9540 19.3657 19.5162 19.2068 19.1080 19.0537 18.9412 18.5757 18.8647 18.8028 18.8001 19.0950 19.2416 19.0342 18.8615 18.7809 18.8174 18.9120 18.9055 18.8790 19.1556 19.0797 19.3752 21.6676 21.7349 21.3025 20.6161 19.9874 20.1328 20.4149 20.3719 20.8223 20.5912 20.3431 19.9558 19.8331 19.6494 19.5971 19.4288 19.4048 19.2699 19.1805 19.0659 19.0417 19.2164 19.3370 19.1974 19.1432 18.9837 18.9027 19.1680 19.1781 19.1386 18.9920 18.9604 18.8453 18.6326 18.7751 19.2658 19.5821 19.9105 19.7048 19.3044 19.1556 19.7438 19.6352 19.9879 19.7068 19.3806 19.9073 19.9038 19.4827 19.1417 19.0193 18.9819 18.8334 18.6038 18.5064 18.7144 18.5092 18.6864 18.6122 18.4652 18.3679 18.4594 18.3470 18.3031 18.3351 18.2096 18.5025 18.2788 18.0239 18.0519 18.0672 17.9949 17.9576 17.8907 17.8035 17.5933 17.6954 17.6427 17.9907 18.3595 18.4108 18.1319 17.8629 17.9084 17.7376 17.6788 17.6665 17.5366 17.5936 17.7723 18.1033 17.9881 18.0162 17.8438 17.8122 17.7056 17.6001 17.5463 17.5582 17.5244 17.5777 17.5915 17.5883 17.6736 17.6078 17.5503 17.4735 17.4227 17.4867 17.5597 17.5096 17.4728 17.5436 17.4015 17.5228 17.5045 17.4986 17.4451 17.7251 17.4922 17.4516 17.4691 17.4203 17.5746 17.5991 17.8668 18.0429 17.8372 17.6690 17.8097 17.5626 17.5159 17.7041 17.5414 17.5608 17.9018 17.7364 17.6795 17.6830 17.5483 17.3989 17.6381 17.8169 17.7242 17.7750 17.9046 17.7687 18.0099 17.9852 18.0089 17.8273 17.7887 17.6345 17.8521 18.4975 18.1964 18.0256 17.8936 17.8812 19.0065 19.1051 18.3925 18.3319 18.4985 18.2991 18.2134 18.0089 18.2943 18.4848 18.4706 18.3883 18.5791 18.2110 18.2599 18.4771 18.7236 18.3352 18.1677 18.3021 18.0741 18.3951 19.3781 19.5844 18.9454 18.8269 18.5527 18.4093 18.4636 18.8847 19.4702 19.6067 19.4402 19.8621 19.7548 19.4215 19.6193 19.8768 19.9099 19.7476 19.6084 19.4941 19.5745 19.7889 19.6997 19.6895 19.6613 19.6850 19.2977 19.1949 19.3762 19.3428 19.2214 19.3278 19.5049 19.3692 19.2223 19.5864 19.7023 19.6949 19.5517 19.4850 19.2970 19.0604 19.1618 19.4019 19.4511 19.4823 19.2772 18.9220 19.1401 19.2538 19.1151 19.3148 21.3088 20.7616 19.9845 19.6444 19.8888 19.6635 19.3628 
17.4487 17.5786 18.1677 17.9594 17.7980 18.0247 18.0216 17.8311 17.6898 17.6278 17.6011 17.4567 17.4973 18.2167 19.1865 19.8410 19.7190 18.8248 18.4491 18.4885 18.5337 19.0509 18.7139 18.5452 18.0304 17.7442 18.0935 18.1589 18.0907 18.0524 17.8372 17.9622 17.9341 17.7711 17.6688 17.6048 17.7295 18.3489 19.5749 19.1597 18.8997 18.7283 18.4541 18.3099 18.1111 18.2066 17.6750 17.7107 17.4561 17.8116 17.8504 18.2255 18.1400 17.9201 18.0364 18.0033 18.1608 18.0825 17.9534 17.9421 18.0254 18.1113 17.9471 18.1277 18.1245 18.0170 17.7968 17.5722 17.8001 17.7188 17.6360 17.8301 17.6993 17.6293 17.2225 17.3868 17.1985 17.2013 17.3235 17.1968 17.0980 17.3639 17.7118 17.2516 17.2946 17.6100 17.8239 18.0306 17.6713 17.7746 18.3745 18.6472 18.7875 18.4504 18.2775 18.2886 17.9567 17.9722 18.0822 18.3530 18.0502 17.5157 17.1802 17.7920 17.8484 17.6624 17.3977 17.4173 17.2389 16.9774 17.2116 17.0884 17.1075 17.3101 17.5300 17.3558 17.0788 17.0190 17.0721 17.1596 17.1946 17.1084 17.4407 17.4382 17.5580 20.1075 20.0739 19.6967 18.8957 18.3477 18.5685 18.7883 18.7596 19.2432 18.9306 18.5715 18.3829 18.1802 18.0425 17.8941 17.8112 17.8475 17.5389 17.4777 17.3274 17.3911 17.6217 17.6543 17.5268 17.4826 17.2181 17.2824 17.4105 17.4979 17.4429 17.2398 17.2725 17.1305 16.8812 16.9493 17.5227 17.9309 18.3217 18.1674 17.5875 17.5274 17.9486 17.9997 18.3094 18.1743 17.7063 18.2887 18.3237 17.8318 17.5526 17.3766 17.3824 17.0194 16.9586 16.8601 17.0487 16.9030 16.6982 16.7504 16.7117 16.6592 16.6583 16.7229 16.5082 16.5008 16.3906 16.7424 16.4806 16.1375 16.1739 16.2157 16.2516 16.1132 15.9745 16.1081 15.8635 15.7923 15.7469 16.1839 16.4798 16.6123 16.4694 16.0605 16.1151 15.9801 15.8744 15.7858 15.6891 15.7405 15.9922 16.3280 16.1265 16.1363 16.0639 15.9466 15.7948 15.6846 15.6603 15.6999 15.6420 15.6248 15.6784 15.8107 15.8958 15.7567 15.6591 15.5086 15.6041 15.6045 15.6412 15.5440 15.5584 15.7088 15.5283 15.5792 15.5058 15.7048 15.7543 15.8327 15.6722 15.5114 15.5432 15.4424 15.6273 15.6182 15.9835 16.1827 16.0406 15.8346 15.8517 15.8020 15.6945 15.7816 15.6738 15.6779 16.0919 16.0390 15.8331 15.9584 15.7404 15.5810 15.6903 16.1183 15.9896 16.0801 16.1401 15.9367 16.2047 16.2585 16.1330 16.0514 15.9749 15.8339 16.1262 16.7946 16.3497 16.1138 16.1878 16.0511 17.1110 17.3907 16.8202 16.6401 16.7172 16.4692 16.2456 16.0740 16.5801 16.6819 16.7885 16.6389 16.8003 16.5071 16.5636 16.7231 16.8564 16.6479 16.3308 16.5822 16.3023 16.6709 17.7235 17.9869 17.3012 17.1389 16.9293 16.5841 16.8214 17.0839 17.8233 17.9416 17.8233 18.3092 18.1679 17.6819 17.9897 18.3345 18.2283 18.0282 18.0456 17.8877 17.9353 18.2119 18.0222 18.0053 17.9629 17.9720 17.6131 17.5434 17.7263 17.6838 17.5166 17.6070 17.6719 17.6391 17.5833 18.0147 18.0652 18.0402 17.7930 17.6491 17.6254 17.3201 17.5156 17.7350 17.6987 17.7801 17.6320 17.2294 17.3707 17.7257 17.2661 17.5755 19.7543 19.1631 18.3848 17.9510 18.2752 17.9789 17.5220 
14.6864 14.8479 15.6129 15.1810 15.0953 15.2682 15.3612 15.1247 14.9769 14.9229 14.8304 14.7747 14.6842 15.4537 16.5612 17.1833 17.1945 16.2389 15.9453 15.8259 15.9240 16.4081 16.0745 15.8271 15.4664 15.1144 15.3717 15.3658 15.3771 15.3766 15.0375 15.2295 15.1683 15.2371 14.9754 14.8788 14.9582 15.7895 17.1059 16.6509 16.1751 16.1084 15.8475 15.6535 15.4495 15.5640 14.8856 14.9041 14.8276 15.1276 15.2123 15.5828 15.4441 15.1987 15.3579 15.2678 15.4337 15.3556 15.2906 15.1597 15.3849 15.3172 15.3115 15.3311 15.5769 15.1831 15.0728 14.8145 15.0773 15.1337 15.0152 15.0687 15.0312 14.9562 14.5674 14.5778 14.6357 14.5534 14.5859 14.4310 14.4123 14.6083 14.9256 14.5053 14.5442 14.8773 15.0221 15.2443 14.9656 15.1061 15.6669 15.9027 16.2307 15.7837 15.5484 15.6691 15.2294 15.2531 15.2778 15.6224 15.2920 14.8101 14.5032 14.8760 15.1437 14.9495 14.6132 14.5761 14.5988 14.2099 14.4355 14.2744 14.3390 14.6703 14.9111 14.6901 14.3886 14.3611 14.3845 14.4614 14.4020 14.3944 14.7450 14.6938 14.7547 17.5485 17.7683 17.3043 16.3308 15.7143 15.8384 16.2397 16.2459 16.6715 16.3948 15.9878 15.6808 15.5071 15.3065 15.3137 15.0262 14.9308 14.9040 14.7011 14.6612 14.5385 14.8894 15.0185 14.7952 14.6529 14.4838 14.4739 14.6175 14.8003 14.6700 14.5714 14.4554 14.4481 14.2650 14.2178 14.8066 15.2189 15.7579 15.4824 14.8448 14.7798 15.1822 15.3263 15.6122 15.5781 15.0447 15.5206 15.7162 15.1904 14.8731 14.6521 14.5291 14.3403 14.1833 14.1781 14.2116 14.1362 14.1357 14.0153 14.0786 14.0548 13.9957 13.9194 13.8535 13.8577 13.7674 14.0327 13.7797 13.4008 13.4841 13.6191 13.4841 13.4004 13.4789 13.4635 13.2192 13.0884 13.0923 13.3867 13.7433 13.9480 13.7276 13.4889 13.5078 13.3132 13.2760 13.1849 13.1408 13.1339 13.2556 13.4859 13.4467 13.4546 13.3518 13.3658 13.2130 12.9579 13.0274 13.0564 12.8004 12.9861 13.0901 13.1773 13.2512 13.0813 13.0932 12.9506 12.9940 13.0173 13.1021 13.0250 12.9289 13.0514 12.8986 13.0690 12.8615 13.1522 12.9810 13.2359 13.0974 12.8690 12.9914 12.9270 12.9534 13.0276 13.3159 13.4915 13.3913 13.2061 13.2791 13.0623 13.1959 13.1186 13.1205 13.0023 13.2806 13.2264 13.1196 13.2493 13.1113 13.0053 13.0907 13.3166 13.2787 13.3405 13.3872 13.3655 13.4760 13.4818 13.3957 13.2466 13.2735 13.0731 13.3171 13.9823 13.6027 13.5140 13.4609 13.3137 14.2187 14.6502 14.1108 13.9466 13.8928 13.7652 13.5971 13.3937 13.8154 13.9511 14.0422 13.9372 13.9978 13.6807 13.6938 14.0598 14.2699 13.8393 13.6874 13.8085 13.5772 13.8074 14.9358 15.2148 14.5656 14.4071 14.1553 13.9200 13.9960 14.2873 15.0768 15.3335 15.1325 15.5647 15.5588 15.0344 15.3108 15.6682 15.6073 15.4737 15.3023 15.1748 15.2554 15.3756 15.3034 15.2861 15.4123 15.3785 14.8537 14.8155 14.8904 15.0142 14.8410 14.9289 15.0725 14.9314 14.8699 15.3320 15.4940 15.3988 15.0389 15.1199 14.9613 14.5623 14.6032 15.0476 15.1595 15.1026 14.8745 14.6382 14.5627 14.8745 14.3872 14.6121 17.1436 16.6331 15.7584 15.2115 15.5860 15.3126 14.8877 
12.9032 13.0763 13.7648 13.5416 13.2803 13.5815 13.6347 13.3404 13.2445 13.2050 12.9944 12.9119 13.0108 13.6349 14.9270 15.3752 15.7863 14.6344 14.2418 14.1651 14.2334 14.6766 14.4286 14.2163 13.5674 13.3540 13.5933 13.6804 13.8048 13.6241 13.3551 13.5590 13.5420 13.4674 13.3753 13.1785 13.0712 13.9834 15.5596 15.1501 14.6119 14.3971 14.1411 13.9258 13.7578 13.7993 13.1982 13.1993 13.1084 13.2889 13.4652 13.7107 13.7432 13.5555 13.7196 13.5286 13.7767 13.6315 13.6600 13.2923 13.7405 13.6719 13.6090 13.5153 13.7732 13.5507 13.3374 13.0262 13.4065 13.4174 13.1525 13.3295 13.2693 13.2716 12.7934 12.9352 12.8332 12.7172 12.8414 12.8054 12.5249 12.8607 13.1984 12.7818 12.7706 13.1256 13.3916 13.5342 13.2364 13.3375 14.0040 14.2260 14.5738 14.1165 13.9340 13.9461 13.4870 13.3970 13.5168 14.0488 13.6442 13.1554 12.7418 13.3325 13.4265 13.1979 12.9634 12.8377 12.7767 12.3482 12.7107 12.5115 12.5467 12.7996 13.2467 12.9989 12.6403 12.5680 12.6157 12.6592 12.6226 12.6694 12.9737 13.0777 13.0126 15.7721 16.1765 15.7757 14.7530 13.9375 14.1054 14.4559 14.5923 14.9559 14.7259 14.3605 14.0415 13.8316 13.5222 13.5620 13.3882 13.3558 13.2545 12.9390 12.7875 12.8647 13.1695 13.2226 12.9818 13.0505 12.7981 12.6295 12.9123 13.1495 12.9824 12.7673 12.7387 12.5228 12.5271 12.5595 12.9288 13.5278 13.9687 13.9204 13.2343 13.1063 13.5291 13.5696 13.8358 13.7077 13.3043 13.7884 14.0394 13.4726 13.1386 12.8437 12.8472 12.6461 12.4511 12.3787 12.4025 12.3259 12.2526 12.1536 12.2787 12.3112 12.1580 12.0659 11.9654 11.9746 11.9605 12.2913 11.8940 11.6086 11.6355 11.6919 11.6194 11.5457 11.5256 11.5182 11.2088 11.1853 11.2138 11.5457 11.9026 12.0582 11.8919 11.4606 11.4899 11.4237 11.3413 11.4016 11.0548 11.1212 11.3371 11.6216 11.5517 11.5486 11.4788 11.5174 11.1914 11.1681 11.1874 11.0848 11.0485 11.0194 11.1354 11.3077 11.4875 11.3813 11.1507 11.0375 11.0630 11.0861 11.1780 11.0397 11.0451 11.0853 11.0270 11.0781 11.0120 11.1254 11.1736 11.3115 11.1526 11.0025 11.0867 11.0060 11.1468 11.1338 11.3934 11.5532 11.5076 11.4693 11.3398 11.2081 11.2740 11.1792 11.0900 11.1753 11.4678 11.4031 11.3633 11.3487 11.2108 11.0822 11.0440 11.4107 11.5107 11.4726 11.4707 11.3986 11.5520 11.6828 11.4348 11.4789 11.3645 11.3259 11.3865 12.2171 11.7029 11.5158 11.5769 11.3381 12.2393 13.1013 12.3237 12.0675 12.0744 11.9318 11.6384 11.6643 11.8574 12.0577 12.1058 11.9884 12.1690 11.8513 11.9997 12.0010 12.3382 12.0843 11.7463 11.9893 11.7540 11.9611 13.0121 13.5644 12.7958 12.6145 12.3804 12.1805 12.1320 12.5750 13.3555 13.5876 13.4214 13.8707 13.8167 13.2546 13.5519 13.9095 13.9521 13.7953 13.5631 13.4024 13.3611 13.8170 13.6256 13.6541 13.6062 13.7433 13.2046 13.1599 13.0858 13.2954 13.1348 13.1266 13.4098 13.2276 13.1090 13.5349 13.7663 13.7578 13.3970 13.3640 13.3114 12.6912 12.8596 13.1248 13.3867 13.3382 13.1151 12.8307 12.7714 13.0980 12.8456 13.0306 15.4062 15.0639 13.9551 13.5449 13.8755 13.5525 13.2398 
11.6198 11.7637 12.5621 12.3502 12.1507 12.3066 12.3182 12.2136 12.0536 11.9103 11.6557 11.7663 11.7396 12.3325 13.6562 14.1138 14.6332 13.3554 13.0704 12.9720 13.0258 13.4910 13.3032 13.0317 12.4313 12.1337 12.4324 12.4333 12.5207 12.4017 12.1582 12.4378 12.3262 12.3047 12.0102 11.8478 11.7692 12.7279 14.1904 13.8952 13.4719 13.2479 12.9323 12.7376 12.5678 12.5981 12.0541 11.9782 11.8623 11.9531 12.1851 12.6517 12.5558 12.3507 12.3946 12.1848 12.4609 12.3361 12.3350 12.1699 12.5564 12.5218 12.3871 12.4149 12.5502 12.3708 12.1784 11.9416 12.1293 12.1918 11.8625 12.1576 12.0699 12.0983 11.5697 11.6575 11.5509 11.4087 11.5337 11.6145 11.2915 11.6167 12.0120 11.5624 11.4631 11.8218 12.1225 12.2816 12.0853 12.2397 12.8185 13.0671 13.4806 12.9995 12.6411 12.8171 12.3963 12.3666 12.1779 12.8736 12.3844 12.0015 11.5475 11.9589 12.1565 11.9811 11.6980 11.5626 11.5105 11.2285 11.4277 11.3215 11.4178 11.5521 11.9306 11.5908 11.4307 11.2367 11.4545 11.4410 11.3700 11.3990 11.7003 11.6889 11.7113 14.4738 14.8463 14.4753 13.5034 12.7655 12.8826 13.3083 13.4922 13.7451 13.5711 13.2122 12.8476 12.6931 12.3577 12.2622 12.1636 12.1106 11.9351 11.8496 11.5145 11.6741 11.7484 12.0280 11.9200 11.7623 11.4710 11.4608 11.6909 11.7578 11.6529 11.4763 11.4345 11.3396 11.2946 11.1935 11.6575 12.3454 12.8375 12.6387 11.9549 11.8330 12.1431 12.5942 12.6899 12.5711 12.1101 12.5017 12.7576 12.2095 11.8771 11.5986 11.5781 11.3997 11.1556 11.0734 11.1575 10.9926 10.9396 10.8972 10.9575 11.0587 10.8665 10.6750 10.5686 10.6154 10.7337 11.0816 10.7203 10.3075 10.4715 10.3879 10.3112 10.2320 10.2055 10.1392 9.9926 9.8177 9.9320 10.0552 10.4298 10.7837 10.5667 10.2586 10.1596 10.1808 10.0434 9.9731 9.7582 9.7575 9.9853 10.1415 10.3168 10.2448 10.1725 10.1300 9.9758 9.8850 9.8097 9.7419 9.6538 9.6748 9.8323 10.0100 9.9861 9.9981 9.8833 9.6889 9.7153 9.7404 9.8203 9.7279 9.7010 9.8009 9.7938 9.6924 9.8179 9.7679 9.7381 10.0020 9.8540 9.7147 9.6858 9.6350 9.8032 9.8445 10.0073 10.1870 10.2143 10.0364 10.0755 9.9630 9.8865 9.9164 9.7319 9.7769 10.0259 10.1231 9.9984 10.0395 9.8113 9.7941 9.7884 10.0892 10.0786 10.1771 10.2261 10.0824 10.1515 10.3020 10.1643 10.1481 9.9705 9.9643 10.0851 11.0105 10.3048 10.3176 10.2117 10.0569 10.8210 11.8804 11.1355 10.8624 10.8239 10.5625 10.2931 10.3032 10.5317 10.8069 10.7730 10.6997 10.8506 10.6609 10.6111 10.7486 11.1244 10.6386 10.5201 10.6987 10.5031 10.4902 11.7195 12.3569 11.5954 11.2643 11.2226 10.7092 10.8469 11.2473 12.0167 12.4204 12.1369 12.5826 12.6360 12.0204 12.3491 12.6718 12.6240 12.5073 12.3538 12.2287 12.1847 12.6711 12.4253 12.4558 12.5014 12.6191 12.0091 11.8727 11.9530 12.0658 11.9007 11.8277 12.0678 11.9069 11.7321 12.3110 12.6250 12.4879 12.1544 12.0038 12.0654 11.5952 11.6598 11.8999 12.1285 12.0986 11.8070 11.7895 11.3513 11.7733 11.4146 11.6499 14.0696 13.9664 12.8136 12.3615 12.7996 12.4291 11.7954 
11.0268 11.0644 11.8033 11.7371 11.5154 11.6621 11.6599 11.5450 11.3654 11.2707 11.0891 11.1620 11.0452 11.6868 12.9517 13.3438 13.8590 12.6380 12.3059 12.3213 12.3337 12.7439 12.5855 12.2281 11.6354 11.3725 11.8124 11.7363 11.8392 11.7231 11.5687 11.6644 11.5738 11.5548 11.3682 11.2443 11.1531 11.9503 13.4291 13.1406 12.6125 12.4777 12.1658 11.9575 11.7140 11.8814 11.2631 11.2212 11.1391 11.3887 11.5575 11.7647 11.9142 11.6848 11.6880 11.5319 11.7795 11.6389 11.6075 11.4429 11.7506 11.8309 11.7208 11.7294 11.8307 11.6940 11.4475 11.2325 11.4626 11.5253 11.2553 11.4486 11.4299 11.3464 10.8803 10.9984 10.8062 10.8359 10.8579 10.9173 10.7340 10.9476 11.1977 11.0536 10.9047 11.2232 11.4550 11.4487 11.3026 11.5160 12.0260 12.2452 12.6650 12.2067 11.9729 12.1223 11.6087 11.4881 11.4074 12.1207 11.7682 11.2421 10.9866 11.2302 11.4693 11.2165 11.0222 10.9496 10.8534 10.6206 10.8018 10.6888 10.7443 11.0327 11.3634 11.0128 10.7596 10.5432 10.8134 10.6509 10.6596 10.6623 11.0755 11.0504 11.1048 13.6329 13.9781 13.7157 12.8442 12.1099 12.0827 12.5665 12.7424 13.0586 12.9025 12.4396 12.1132 11.9445 11.6306 11.6111 11.5080 11.4275 11.2913 11.1567 10.9612 11.0136 11.1047 11.3192 11.1542 11.0861 10.8285 10.9163 11.0892 11.1373 10.9883 10.8612 10.7433 10.5795 10.6620 10.5208 10.9788 11.6428 12.1644 11.9355 11.3735 11.1966 11.4434 11.7120 11.9739 12.0436 11.3864 11.7688 12.0910 11.5911 11.2274 10.8757 10.9363 10.6723 10.5522 10.3707 10.5044 10.4096 10.3486 10.2060 10.4217 10.3273 10.2144 10.0477 9.9956 10.1017 10.0223 10.2690 9.9947 9.6999 9.6754 9.8246 9.7018 9.5929 9.5079 9.5655 9.4023 9.1307 9.1701 9.3535 9.8934 10.2417 9.8452 9.5705 9.5837 9.5086 9.3399 9.2768 9.0587 9.0210 9.1161 9.4891 9.6537 9.5575 9.4803 9.4339 9.1927 9.0407 9.0499 9.0547 8.8877 8.9152 9.0728 9.2729 9.2591 9.0892 9.0109 9.0269 8.9192 8.9277 9.0073 8.9726 9.0097 8.7771 8.8428 8.9870 8.9023 8.9912 8.9607 9.2977 9.1572 8.8672 8.9271 8.8380 9.0225 9.0222 9.2334 9.3292 9.5880 9.3552 9.3221 9.1736 9.0197 9.0303 8.9366 9.0891 9.3120 9.2562 9.1863 9.2406 9.0526 8.8763 8.9562 9.0441 9.4721 9.5616 9.4554 9.3749 9.3673 9.7616 9.5129 9.3202 9.2072 9.2036 9.3326 10.2811 9.7636 9.6153 9.6028 9.4434 10.0769 11.1708 10.4761 10.1052 10.1581 9.8333 9.6496 9.5909 9.8453 10.0551 10.0952 10.0491 10.0994 9.8820 9.9030 10.0107 10.4130 10.0759 9.8845 10.1084 9.8595 9.8143 10.9487 11.8459 10.9671 10.6425 10.4075 10.1767 10.1408 10.5111 11.3412 11.6643 11.4923 11.9130 11.9139 11.3915 11.7455 11.8931 12.0498 11.8780 11.6604 11.5564 11.4455 11.8610 11.7321 11.7999 11.6688 11.8096 11.3790 11.2220 11.2905 11.4590 11.3172 11.1671 11.3030 11.2455 11.0859 11.6323 11.9575 11.7971 11.5258 11.3427 11.3491 10.9068 10.9479 11.2000 11.3544 11.3771 11.2266 11.0138 10.7294 11.1120 10.8627 10.9651 13.2849 13.2478 12.1603 11.7328 11.9967 11.7147 11.1643 
10.1217 10.1191 10.8193 10.7734 10.4849 10.6014 10.6991 10.6354 10.4958 10.3177 10.1074 10.2247 10.1571 10.7084 11.8926 12.1363 12.7526 11.5682 11.2570 11.2896 11.1595 11.6796 11.5721 11.2807 10.7545 10.5446 10.8201 10.7510 10.8436 10.6856 10.4806 10.6301 10.6773 10.6151 10.3969 10.2033 10.2525 10.8785 12.3538 11.9667 11.6362 11.4539 11.2139 11.0484 10.7800 10.9897 10.3905 10.3474 10.2731 10.4318 10.5846 10.8595 10.8374 10.6578 10.6850 10.5979 10.7832 10.5242 10.7116 10.5205 10.7697 10.8246 10.8188 10.7461 10.8996 10.6875 10.4290 10.3426 10.4675 10.5984 10.1501 10.4583 10.4735 10.4432 9.9807 10.1655 9.8591 9.9762 10.0323 9.9655 9.7441 10.0350 10.3392 10.1355 9.9320 10.3041 10.3833 10.5481 10.4816 10.4947 11.0381 11.1584 11.6122 11.2450 10.9226 11.1234 10.7566 10.5075 10.5164 11.0026 10.7989 10.3714 10.1342 10.3231 10.5223 10.3278 10.1688 9.9487 10.0520 9.7812 9.9908 9.8377 9.8696 10.0481 10.3259 10.0928 9.8848 9.7518 9.7953 9.9056 9.8688 9.8552 10.1872 10.1518 10.2217 12.3804 12.8522 12.6390 11.7466 11.0082 11.1061 11.4991 11.6325 11.9705 11.7939 11.4470 11.2756 10.9436 10.6920 10.6458 10.5452 10.5236 10.3609 10.2498 10.0426 10.0981 10.1638 10.3689 10.2253 10.2198 9.9388 9.9231 10.0888 10.2232 10.0794 10.0351 9.8859 9.7494 9.7229 9.7147 10.0638 10.7016 11.1623 11.0207 10.2823 10.3133 10.5684 10.8020 10.9510 11.0857 10.5241 10.7732 11.1224 10.6515 10.2728 10.0223 10.0074 9.7855 9.6721 9.5482 9.6298 9.5970 9.4792 9.4533 9.4516 9.5697 9.3546 9.2445 9.2383 9.1646 9.1617 9.5307 9.1735 8.8982 8.8418 8.9998 8.9528 8.8558 8.7236 8.7745 8.5020 8.4322 8.5618 8.6954 9.1295 9.3447 9.0372 8.9045 8.8474 8.6980 8.7647 8.6335 8.4217 8.4907 8.4834 8.7384 8.8771 8.8977 8.7812 8.7463 8.5637 8.4414 8.4217 8.4033 8.3137 8.3850 8.3762 8.5379 8.6121 8.3851 8.4088 8.3679 8.3708 8.3965 8.3932 8.3212 8.4320 8.3230 8.2867 8.3378 8.2766 8.4070 8.3912 8.6051 8.5330 8.3832 8.3541 8.1851 8.3459 8.3856 8.5859 8.6295 8.8202 8.6142 8.6258 8.5008 8.4397 8.3537 8.4207 8.4098 8.6058 8.5860 8.6666 8.5858 8.4326 8.3546 8.3621 8.5575 8.7572 8.7528 8.7897 8.7690 8.6449 8.8403 8.6592 8.7605 8.5446 8.5632 8.7347 9.4786 9.1099 8.8975 8.8526 8.7005 9.2675 10.2823 9.6372 9.2755 9.2266 9.1927 8.8350 8.9389 9.0140 9.2840 9.4142 9.2691 9.2990 9.1532 9.1446 9.2381 9.6251 9.2093 8.9704 9.2314 9.0448 8.9496 9.9954 10.8276 10.0928 9.8350 9.6301 9.4122 9.3180 9.7516 10.4751 10.7735 10.5926 10.8998 10.9842 10.4087 10.7322 10.9077 11.0119 10.8706 10.6441 10.6168 10.3327 10.9290 10.7295 10.6763 10.7374 10.8258 10.4573 10.2623 10.3368 10.3188 10.3449 10.3222 10.3707 10.4143 10.0657 10.6693 10.9074 10.8980 10.5491 10.4157 10.5197 10.0163 10.0845 10.3180 10.5499 10.3993 10.2763 10.1401 9.7994 10.1067 9.9270 9.9714 12.1565 12.0374 11.0460 10.7378 11.1266 10.6655 10.1453 
7.7636 7.9737 8.5262 8.4039 8.1795 8.2292 8.3134 8.1766 8.0153 7.8946 7.8312 7.7829 7.8485 8.2546 9.6181 9.7818 10.5739 9.2945 9.0416 8.8233 8.9519 9.2973 9.2369 8.9702 8.4286 8.2030 8.3657 8.5066 8.5319 8.3556 8.2585 8.3255 8.3086 8.3311 8.1429 7.9229 8.0280 8.6875 10.0012 9.7591 9.1955 9.0362 8.8671 8.6891 8.5045 8.5124 8.0097 8.0460 8.0047 8.0431 8.1771 8.4220 8.4601 8.3308 8.4024 8.1383 8.4882 8.2452 8.4210 8.2211 8.4879 8.5490 8.4755 8.3703 8.5359 8.3493 8.1303 8.1126 8.1169 8.1947 7.9016 8.1608 8.1260 8.1297 7.7267 7.7983 7.6159 7.7462 7.7550 7.6695 7.5412 7.7042 7.9407 7.7557 7.6499 7.9766 8.0498 8.2596 8.0686 8.1782 8.7921 8.9796 9.3233 8.9077 8.6042 8.7797 8.3942 8.2473 8.0659 8.7771 8.4594 8.0672 7.7968 7.8657 8.2648 8.1001 7.7963 7.7492 7.6770 7.4467 7.5732 7.5259 7.5110 7.7349 8.1129 7.8052 7.6266 7.4646 7.6404 7.6099 7.6664 7.5416 7.8978 7.8043 7.6640 10.0748 10.6444 10.3121 9.4523 8.6452 8.7562 9.0870 9.3516 9.6741 9.3839 9.0059 8.8762 8.6098 8.2832 8.3341 8.2088 8.0484 8.0493 7.8963 7.8407 7.8036 7.9111 7.9798 7.8825 7.9340 7.6809 7.6555 7.9121 8.0024 7.7858 7.6697 7.6001 7.4405 7.4621 7.4431 7.7808 8.2843 8.8665 8.7013 8.1542 7.9558 8.1909 8.4761 8.6045 8.6734 8.1428 8.5171 8.7424 8.3114 7.9388 7.7017 7.7026 7.5690 7.4131 7.3406 7.3875 7.4244 7.1822 7.1735 7.2296 7.2655 7.1547 7.0667 6.9220 6.9909 6.9123 7.2607 7.0317 6.8273 6.8147 6.9781 6.7644 6.5957 6.5798 6.5941 6.4226 6.3467 6.2681 6.5326 6.8723 7.1533 7.0714 6.6290 6.6096 6.5924 6.5612 6.4755 6.2761 6.3567 6.3337 6.5810 6.7737 6.5595 6.5141 6.5364 6.3803 6.3516 6.2544 6.3613 6.3699 6.2610 6.2867 6.3698 6.3899 6.3090 6.3757 6.2742 6.2516 6.1466 6.1680 6.2774 6.2269 6.2104 6.2292 6.3103 6.1054 6.2892 6.2702 6.3991 6.3407 6.2819 6.0930 6.1563 6.2534 6.3307 6.3634 6.5086 6.7029 6.6064 6.5823 6.3615 6.2683 6.2107 6.2305 6.2345 6.5335 6.5056 6.4698 6.4160 6.3191 6.2489 6.2461 6.4518 6.6499 6.5432 6.4942 6.5633 6.4367 6.6542 6.4800 6.4988 6.4234 6.4094 6.5469 7.1901 6.8201 6.8063 6.7503 6.7267 6.9308 8.0446 7.4309 7.0653 7.1147 6.8690 6.7352 6.6980 6.7043 7.0778 7.0678 7.0497 7.0722 6.9214 6.9779 6.9133 7.2129 6.9571 6.8537 6.9611 6.7012 6.7458 7.6637 8.5154 7.7986 7.4763 7.4257 7.1408 7.1967 7.3807 8.0725 8.3455 8.3382 8.4730 8.7109 8.0829 8.4335 8.5164 8.6639 8.4954 8.3519 8.2708 8.1760 8.5884 8.5382 8.3645 8.4356 8.4806 8.0632 7.8718 8.0060 8.0867 7.9519 7.9192 8.0176 8.0571 7.6216 8.2656 8.5770 8.5096 8.1527 8.1534 8.1639 7.7413 7.6970 8.0057 8.1651 8.2026 7.8867 7.8144 7.5410 7.9062 7.6387 7.8013 9.6446 9.8197 8.7004 8.3695 8.6294 8.3122 7.9265 
Height at baseflow, m
19.7883 19.1494 17.4487 14.6864 12.9032 11.6198 11.0268 10.1217 7.7636 
Slope, cm/km
16.40374207 17.09970071 17.93155215 17.47386382 17.39513225 17.75411297 17.70363169 17.29089273 17.14380854 16.93151309 16.85808220 16.54708648 16.25209467 18.71269380 19.52073169 21.29523977 19.47591076 18.70767648 18.94271764 18.02937461 18.52734651 19.39404354 19.09589057 17.72978760 17.61455071 17.10565316 17.80152020 17.68893002 17.69146292 17.45236694 17.34719425 17.76385105 17.23386109 17.17167363 17.17924503 16.97021855 17.24852086 18.44482018 19.93370807 18.84298838 18.65748224 19.02366092 18.46438144 18.11072948 18.00562656 17.93944362 17.08830218 16.97153108 16.42528826 17.24358998 17.35733734 18.28000028 17.79047439 17.29091179 17.59014995 17.46576511 17.75258321 17.86477190 17.52908448 17.68906494 17.27669815 17.42316863 17.13191837 17.75756031 18.02976200 17.47740820 17.00899733 16.96145405 17.29671720 17.11974817 17.29866456 17.44186922 17.16524274 16.84167786 16.20746882 15.67385445 15.71010061 16.30573892 16.39608984 16.13317300 16.15877241 16.42512736 16.81591257 15.51666298 16.29446109 16.60366119 17.33373490 17.59742134 17.21468155 17.07973173 18.35966163 19.18177462 18.31919678 18.07018273 18.25759654 17.70296968 17.62103733 17.82708644 18.52832811 18.03381537 17.40341178 16.34459840 15.86089515 17.18412149 17.19866542 16.67178638 16.17887217 16.49264534 16.39906401 15.48132703 15.84832319 16.00158220 16.14927546 16.62384747 16.75922093 16.16109259 15.82516929 15.80296575 15.28191460 16.07671650 16.24932979 15.96610782 16.65874524 16.28622473 16.94634774 20.80272962 20.37162797 19.39261036 18.95677497 18.45961940 18.92002183 19.30502409 18.54629997 19.22550507 18.93222480 18.33193028 18.06717886 17.78063063 17.54452734 17.51556303 16.96678420 16.75944319 17.05918099 16.31933502 16.41720074 16.63184670 16.82037363 16.56961404 16.60322235 16.60139488 16.41475738 15.71366979 16.53756241 16.39212476 16.35983498 16.06598280 16.21647768 15.74401872 15.44411772 15.90282852 17.08658737 17.72635781 17.20795502 17.49795288 16.70917999 16.44373711 18.57792016 17.11235859 18.69735031 17.38873824 17.12593790 18.36493487 17.64469795 16.87783937 16.60356451 16.45255459 15.96928643 15.79775885 15.38093732 15.06095984 15.32071825 15.26472977 15.12750789 14.64652342 15.24743623 14.11017774 14.28788905 14.44149748 14.58134296 14.39531843 14.32902964 14.87797459 14.26909618 14.03385434 13.79377491 13.94397244 13.70905582 13.68370145 13.73289562 12.88801258 13.36328743 13.88735736 13.82209474 14.02224769 14.64173453 14.50777999 13.90022365 13.60360606 13.48728275 13.27110626 12.58500334 12.86024451 13.78040276 13.68713151 13.92673482 14.46837129 13.41991384 13.80516399 13.38965387 12.83981080 13.46392666 13.16242224 13.44244151 14.29791536 14.28848217 13.52476331 14.22268184 13.58757972 13.38616436 13.46996286 13.08274771 13.83866213 13.24020310 13.53410368 13.51166638 13.99071525 13.15364557 13.60027354 13.94490467 13.71005820 13.60453684 13.29115305 13.42739663 13.74658634 13.09566383 13.59272369 13.28381933 13.65729258 13.50801280 13.45708213 13.25310089 14.09614493 13.12855308 13.02737641 13.50712773 13.33981754 13.21237190 13.77473165 13.89433494 14.09963888 13.64850724 13.64910184 13.43004253 13.09390732 13.60173386 13.53462200 13.10718190 13.43271247 12.89965567 14.40342712 13.48545068 13.44156525 13.95523007 13.73383055 13.85587513 13.17771229 14.20024766 13.41813743 14.41338832 14.70165904 14.45037040 14.46535036 13.56238758 13.85782271 16.76068565 16.09098597 14.65513840 14.02263589 14.91287830 14.41638711 14.45096716 14.29551672 15.01950200 14.77759798 14.76018781 14.84568056 14.70101229 14.35116592 14.22536313 15.31289493 14.75231109 14.31055151 13.73271443 14.06135637 13.95388946 15.63364919 17.81049055 17.03829030 16.12424142 15.84487688 15.25631275 14.26638717 15.60666450 16.53326501 17.32566749 17.12344815 16.98180669 18.04874644 17.54711764 16.83985881 17.57264483 17.91900401 18.12311266 17.50801413 17.48217384 17.32275468 17.42881747 17.87241588 17.65235235 17.61646529 17.65482131 17.39724975 16.58520208 17.11351832 17.12028132 16.77950609 16.77672019 17.34302861 17.46594869 17.08674721 16.79825440 17.37085938 17.40875151 17.63681402 17.04289615 17.36077557 16.57499244 16.06402607 16.82946381 17.17139375 17.00431790 17.68288953 17.10555980 15.60454784 16.40076610 16.95523074 17.02846244 17.51615812 20.31028229 18.77793129 18.18140123 18.28074475 17.69416830 17.38804592 17.07344369 
8.62869587 9.48024786 11.15008314 10.27926702 9.72075849 10.55237194 10.56971773 10.01934877 9.53157934 9.23885679 9.13061963 8.42671406 8.37633172 11.73516504 13.82661160 15.72262091 14.54012677 12.71270008 12.11903934 11.57774257 12.33510584 13.64292284 12.67319536 11.73943710 10.45339065 9.68123120 10.70388247 10.67002690 10.70191167 10.55633178 10.03269729 10.55256522 10.29310558 10.14732807 9.58063591 9.23085272 9.50721442 11.94696891 14.74389578 13.40984749 12.78638408 12.84555543 11.78885408 11.44908214 10.79166294 11.16262354 9.19308362 9.40287383 8.98940816 9.87668627 10.27052816 11.43394301 10.92029595 10.38302179 10.79718857 10.30091443 10.70134152 10.63558767 10.47392208 10.33828632 10.33106753 10.59941340 10.04242106 10.56061767 10.96063531 10.41625939 9.65324784 9.24853903 9.83756347 9.82704002 9.33732008 10.10076730 9.32371455 9.04778738 7.98498869 8.07255953 7.69598416 7.88426056 8.19746254 7.92284234 7.48091634 8.37609256 9.69592413 7.40845061 7.98692569 9.02024396 9.86448127 10.58987086 9.38508071 10.00248874 11.78310221 12.67989212 12.58150048 11.78494411 11.42289177 11.27784536 10.19239287 10.65552768 10.98663544 11.55873122 10.35963792 8.89951317 7.41682912 9.51448911 9.89318525 9.20751116 8.18815626 8.14032179 8.24355538 6.82098508 7.51151464 7.36410945 7.42136578 8.29864039 8.84848893 8.23428367 7.74733898 7.38687250 7.28091026 7.71129565 8.03317080 7.42611638 8.49969158 8.39869649 9.24479321 15.81627271 15.38158942 14.44847786 13.11360683 11.70653115 12.45816844 13.04541671 12.45626723 13.59977418 12.91027040 12.15465215 11.59995189 10.96152916 10.62371987 10.49860938 9.74429540 9.46199725 9.45896672 8.63227700 8.29840340 8.25254744 9.13404566 9.25714575 8.86190818 8.64978271 8.15280504 7.68045961 8.67726931 8.70626847 8.21373688 7.89719491 8.02141293 7.37933005 7.07759886 7.25729489 9.13468198 10.42650621 10.98745007 10.74889676 9.20770363 8.64373622 11.21053924 10.30649598 11.61190756 10.57981415 9.62553360 11.38362758 11.06950997 9.79019432 8.83207563 8.36001588 7.95473140 7.42288812 6.91830398 6.52359320 6.63884668 6.59533739 6.55484504 6.03072053 6.32310075 5.53375617 5.62435902 5.74538553 5.45389042 5.36888497 5.21871005 6.21038975 5.28989994 4.41386550 4.33458415 4.54380579 4.30586389 4.17710279 3.87276740 3.48045977 3.10343757 3.14183234 2.95302237 4.49790633 5.36497457 6.01197156 5.04652125 3.80102260 3.82383251 3.62430586 2.98660907 2.94848752 2.63456421 3.23093950 3.53728568 4.72573018 4.06044328 4.09514853 3.42119362 3.47896389 3.07037031 2.57678222 2.58057194 2.80729878 2.62935044 2.52915624 3.02586031 3.19904417 3.40086131 3.14687748 2.72951659 2.30986600 2.17773921 2.67581657 2.71897084 2.81184811 2.24459327 2.71859540 2.30535767 2.54192205 2.40806354 2.55231484 2.47961285 3.38534169 2.47151312 2.41287858 2.10161437 2.29248512 2.58148491 2.61776552 3.66059674 4.41277252 3.68505694 3.20656758 3.52103288 2.94786454 2.68324362 2.84863636 2.95933983 2.69648585 3.84497012 3.49363813 3.19043360 3.03612765 2.77942713 2.28398318 2.79467982 3.78075203 3.39784567 3.75280315 3.79091938 3.53467044 4.31492688 4.30223145 4.16010621 3.52762627 3.67981500 3.04124828 3.81027684 6.17079204 4.91998700 4.45826463 4.14354462 3.78267293 7.91509830 8.00940613 6.31273588 5.75226276 5.77332047 5.51592455 4.82878883 4.23302047 5.82695360 5.88097031 6.02906361 5.77396721 5.98520709 5.12859296 5.16098509 6.38349654 6.65609555 5.47162704 4.68499388 5.41318314 4.57313375 6.06937967 9.97065543 10.14436803 8.13345037 7.35091862 6.78925069 5.53429593 6.36724745 7.87108592 9.76600201 10.07561768 9.99821653 11.27303186 10.77731214 9.51050039 10.33124420 11.18822120 11.35513049 10.70726684 10.46061168 9.85851992 10.45594532 10.67556970 10.60698927 10.74584732 10.71478187 10.40913018 9.44906015 9.08673052 9.87121301 9.41861314 9.09108937 9.48151044 9.82768971 9.50198174 9.35606269 10.53808099 10.60226747 10.91418689 9.87225959 9.82293559 9.02443768 8.06551484 8.60097796 9.66416648 9.71361597 9.92398624 9.30802274 7.49848984 8.30370751 9.15113173 8.32890157 9.29578592 14.91551293 13.57246975 11.48135294 10.86850287 11.32484593 10.57875010 9.31274186 
44.11177321 44.01492176 41.52074548 41.92302884 42.84444586 41.82235008 41.91274445 42.53171622 43.18699521 43.42083003 43.99536649 44.04933754 43.65903533 42.05728241 39.46506893 40.11094384 37.26222613 39.74604497 40.89802732 40.42604760 40.42051296 39.94377201 40.26585395 40.45101164 42.06544246 42.72507171 41.83925450 41.82172906 41.45370757 41.74735866 42.49397727 42.18282686 41.79338057 42.14558220 42.73727776 43.49077177 43.53039311 41.14819574 38.67631344 38.92220287 39.54557340 40.25608951 40.48356002 41.22311361 41.66651564 41.15667071 43.32726301 42.97883843 43.41411392 42.87854255 41.99268950 41.68388570 41.48626991 42.37389387 41.70358776 42.19032529 41.62668599 41.94042772 41.97335200 43.04353069 41.67008797 41.64750484 41.55766219 41.59068172 41.54784037 42.11627409 42.74379556 43.62040334 42.54783745 42.42044867 43.51678963 42.91086613 43.22494350 42.98723272 44.85751500 44.04048537 44.51702684 44.86335680 44.77934529 44.70185317 45.81254510 44.38525849 42.66563723 44.60869071 44.89159168 43.51463232 42.62919047 42.30478539 43.14504235 42.53330490 41.07223928 41.21499544 39.77686962 40.73414507 41.46133791 40.85005297 42.45341215 42.68228694 42.90680010 41.05648913 42.04135044 42.85199398 44.90945470 43.03265514 42.20775258 43.26883242 43.85842331 44.31262828 44.57432234 46.54179171 45.10426649 46.15033835 46.14972608 44.44000487 43.17964562 44.00133969 45.27003710 45.58121906 45.30193277 45.35482176 45.39436578 45.24107410 44.16749852 43.61522563 43.64789081 38.81853297 37.53549972 37.63054834 39.58219348 41.21952132 41.20923805 40.57675636 39.81292361 39.28163851 39.66670596 40.02626862 40.77372533 41.36215343 42.18468578 41.91290202 42.33114770 42.48116892 43.05616822 43.73352088 44.23380324 44.60870526 43.43907784 42.69056798 43.48498264 43.84003743 45.13778399 44.93217691 44.02197108 43.46226349 44.01509397 44.95667901 44.81919600 45.67396029 46.03612881 46.30455785 44.20718880 42.54119734 40.49474702 40.88369194 43.02484641 43.63484049 42.69776908 41.53369123 41.67293922 41.15944620 42.78055840 42.04628504 40.79838918 42.34896578 43.24070618 44.60919252 44.39854926 45.54950562 46.09442804 46.36253877 46.14551793 46.43075613 46.79076212 46.90501787 47.14455106 46.64711212 47.17463337 47.82595222 48.44708529 47.84606005 48.18239718 46.90809909 48.55657064 50.43009128 49.78654248 49.51119964 49.78651430 50.71420461 50.64020803 50.53197340 51.92999414 52.91924185 52.93718796 50.47428802 48.59638765 47.44892682 48.52253524 50.40224785 50.13810734 50.90983895 51.16033805 51.95784481 53.37361091 52.86733764 51.83178092 50.29773791 50.19786998 50.01806933 50.83401551 50.56686035 51.93519398 53.11094561 53.31028659 53.73798649 54.81809702 53.91921906 53.44439353 51.98806802 51.97974824 52.47066424 52.74040372 53.86062726 53.67776437 53.40948860 53.10771849 53.97445743 53.82580416 53.93952192 54.40148823 54.06321136 53.91505526 53.18300529 53.52773553 52.12076498 53.08573332 54.21011642 54.07570859 54.31635499 53.11774334 53.21304888 50.73664478 50.21951250 50.12598255 51.57339235 51.53523374 52.23860217 52.60946459 53.32007454 53.90684627 53.62847836 50.87215264 51.55077451 52.06923171 51.85563756 53.00919147 53.86132001 53.11656213 50.91897942 50.74906557 50.94995876 50.60136547 51.24881286 49.85450692 49.55983163 50.49522450 50.82686540 51.66742372 52.24530279 51.48279319 46.94239993 49.56268058 50.18140223 50.24204515 51.11886157 47.33109777 43.22402585 46.16973370 47.29820321 47.89212135 48.57770460 49.67672152 50.60561936 48.77786280 47.77890648 47.10860404 48.07912868 46.94462535 48.25331089 48.26308182 47.80410521 45.91138880 47.97697010 48.59121164 47.71714700 49.42013251 48.93617685 44.28322827 41.69449211 44.72068968 45.51200793 46.38833616 47.15421593 47.85221742 46.31077319 42.74647924 41.70081730 42.24861349 41.45599809 41.17389748 43.02033668 41.91025869 41.40213784 41.12895636 41.56304285 41.96301998 42.44570778 42.47697485 41.28432843 41.88752203 41.73542061 42.06638318 41.44582640 42.88994566 43.58654420 43.43447816 42.87369113 43.24048444 43.77133598 42.72361604 43.00305425 43.98006668 41.84262370 41.28420220 41.51262717 42.38384535 42.75755853 42.75481856 44.69035433 44.64657626 43.37663382 42.65572385 42.99537652 43.76478919 43.91187336 44.70730997 43.40644849 45.31344290 44.35655641 39.05848952 38.57783535 41.03167739 42.53036299 41.09028925 41.72944626 43.64238533 
42.91491673 43.55974123 41.01349905 41.03117648 41.80872350 41.74197480 41.65550101 41.77078472 42.08221431 42.84663792 43.33589218 42.75890119 42.81112570 42.44522517 37.39044610 38.45990514 33.19197700 38.01094236 39.28819157 39.27181019 39.97487304 38.57268086 38.26320358 39.16382194 41.10547707 41.93350157 41.10720766 41.49166249 40.62306103 41.42503391 41.62754292 41.83371988 41.25703133 41.55334898 42.26176136 43.06086497 43.47797246 41.15363279 36.24973714 36.21731694 38.00064746 39.38002960 39.61602191 40.21883102 40.97422841 40.75824011 42.45146261 42.48254862 42.43837412 42.38568432 41.62543659 41.47221517 40.89912995 41.66326800 41.28131832 41.97516451 41.66304543 42.34429168 41.38362489 42.53084394 40.83153004 40.75055753 41.02898514 41.69756811 40.76018052 41.51188132 41.99828574 42.40076222 42.36942343 41.52391368 42.82774090 42.21490521 41.90302604 41.67556919 42.89182949 42.52775563 43.27517542 43.42878547 43.77096641 42.92425991 44.11293232 43.23468990 42.57012497 42.12331518 43.59939024 42.47389988 42.51353623 42.13260226 42.18481539 42.09406536 40.52103378 40.44852726 37.88703165 39.74713881 40.89543673 39.67268641 41.03770906 42.61117899 43.83291764 39.86754496 40.89365910 41.59887378 42.47029689 43.33121777 41.90418863 42.64224642 42.75881252 43.50283425 43.38801555 43.96064249 43.12235078 43.92806880 43.66563223 43.14319073 42.15400016 42.82366041 43.74316756 43.83476449 42.76538441 43.95398548 44.24808914 43.90292624 43.09675504 42.81043172 43.70145340 36.53629078 33.17029330 33.96372752 37.82127835 40.51028309 40.69359730 39.52817484 37.77440850 37.27908522 37.68254160 38.63676337 39.65628157 40.42443272 41.62251379 41.62832432 41.14381385 42.15338848 42.36097586 42.75546612 43.30828450 43.18077382 43.23733370 42.23715005 42.59585456 42.83850078 43.53943902 43.42487883 43.06852367 42.48606114 43.19324802 43.12716869 43.86096307 44.35124597 43.92968342 44.80658146 44.02737360 41.63620513 39.18568644 39.62811907 42.31730814 42.46924325 43.25708375 40.55174098 41.19506496 39.90555930 41.91907141 41.56504368 39.61214139 41.24857451 42.45786773 43.75612810 43.23145525 43.94670943 44.19988251 44.35449506 44.51442551 44.63863316 44.71137219 44.54888400 44.88520513 43.83041715 44.77663009 45.45982782 45.81598753 45.32307906 45.24578676 44.62365394 45.23761184 45.50806617 45.88273387 45.32571123 45.88740049 45.86392008 45.79398642 45.52097830 45.39361415 45.89304045 45.77760736 46.83187000 46.02683642 45.52178500 45.33309636 45.42236362 45.91107180 45.47707407 45.16304300 45.59481323 45.84498175 45.89976200 46.09437233 47.59731363 45.18157772 46.01642003 45.49947244 45.67945601 45.66074705 45.85113037 45.70033463 45.88957031 46.35907635 46.26542938 46.35802099 45.70901487 45.83038817 45.94452875 45.61758062 45.81803619 45.92566194 46.08481865 45.93719913 45.98678369 45.44238737 46.72949499 45.85630501 46.34401114 45.73426373 45.80728015 45.87804635 45.90634965 45.31250510 45.66127610 45.83608926 45.90153315 45.96481375 45.77485767 45.88665346 47.03155652 45.38321477 45.43836565 45.91258162 45.40959514 45.74972198 46.50484291 46.35142700 46.09882845 46.58720298 46.26975584 45.70832532 45.72818877 45.94658267 45.43911943 46.02195686 46.72523257 45.06465459 45.32260141 45.55602016 45.67773914 46.64199801 45.69309828 46.31502891 46.21825220 46.39923870 45.79639076 46.13071279 44.61480446 46.31912375 45.91849646 45.96652113 46.02324231 48.21932037 41.53211484 43.73017111 44.74403614 45.39568543 46.28950564 46.28750058 45.62363290 46.73427516 45.49708963 45.29251446 45.48850042 45.45988994 45.41830196 45.84038732 46.20437116 44.41059228 45.62436722 45.35128714 45.07931926 45.37754253 46.80432100 45.16494722 40.69013217 42.82383801 43.93976388 44.18348268 45.16410691 45.79889630 44.90876781 42.49470248 40.89901593 41.71396543 41.10118138 40.09953104 42.12667958 41.27994855 41.04340366 40.33176131 40.67408842 41.53797191 41.88015008 42.38310007 40.54232400 41.30305824 41.50941731 41.39611378 40.55092662 42.11335116 42.53912390 42.88045302 42.37846606 42.07800146 43.00627309 42.81490334 42.14330970 43.99132625 41.83152483 40.09205223 40.90549637 41.88301470 42.28709087 41.47629557 43.12448299 44.13572852 43.28246099 42.14089047 42.60969575 42.98689941 41.92026282 44.59678941 43.28555062 44.01530150 44.27023168 37.99771426 35.97737225 39.75433284 41.70317717 40.12577378 41.86493766 43.48864751 
11.72267393 12.47716309 13.74282339 12.98795314 12.71961644 13.48875922 13.29466663 12.79126101 12.39885583 12.45054371 12.27264866 11.89876958 11.90208192 13.86261041 15.63977299 16.94856529 16.46940614 14.62982991 13.79549583 14.02418381 14.56329634 15.59166865 14.37077246 13.98145872 13.18276707 12.51206554 13.43504372 13.52317573 13.30708502 13.15858617 12.78914965 13.10231713 12.90156042 12.90322078 12.30518813 12.34096375 12.67047496 14.38016355 16.32668936 14.94234520 14.66735659 14.79136481 14.01405245 13.95521789 13.27718853 13.75242792 12.19126785 12.47449262 12.37801323 12.89788864 12.94417125 14.00131721 13.39209014 12.89472375 13.28155621 13.13650936 13.68246236 13.78078536 13.06992895 12.82220669 12.94892220 13.13100705 12.96119621 13.53537504 13.49270700 13.15634854 12.84023871 12.21514459 12.88403994 12.86389889 12.49283244 12.83248719 12.50622570 12.34036523 11.18840928 11.68516338 11.42686459 11.36749208 11.77812016 11.43621223 11.12924778 11.90290024 12.85482185 11.13741296 11.60450004 12.08801247 12.95885857 13.18109411 12.34480729 12.57405134 14.15868324 14.34125704 14.50492753 14.02484115 13.89583717 13.68574030 12.73943486 13.39457458 13.72554172 13.53128677 12.98288158 12.25982880 10.91494521 13.06042138 12.91048100 12.19506813 11.81506645 11.97743353 11.76444392 10.40356069 11.22046349 10.76407300 10.78061544 11.75597469 12.15623730 11.77881107 10.95547886 10.84809758 10.99754297 11.27926489 11.54535232 11.19581991 11.86289529 11.98335809 12.37649899 18.51552940 18.26248192 16.37455128 14.71829242 13.90874859 14.28583769 15.03920924 14.51395009 15.63175356 14.95764414 14.37636170 13.77248019 13.37714174 13.11486052 13.25745182 12.70550230 12.94084608 12.33128865 11.96879122 11.97525208 11.65132555 12.52785267 12.49288898 11.96840303 12.11179993 11.49074690 11.42618681 11.93906069 12.24916432 12.11425890 11.26314649 11.61459501 11.12422144 10.69040804 10.91309982 12.38108612 12.79993197 13.50887157 13.10602484 12.20008566 11.93281111 13.67474420 13.02414041 14.05138743 13.28717034 12.50427884 13.74974277 13.69784577 12.68271506 12.11797773 11.87124686 11.55103509 11.08524109 10.73261042 10.28449511 10.40500328 10.42881811 10.26186324 10.01587218 10.00587915 9.81936725 9.85616147 9.83203876 9.42811741 9.42517856 9.24437611 10.33489983 8.95382750 8.21994613 8.14836891 8.38051026 8.42817938 7.71410686 7.61341405 7.78682438 7.00103663 6.86584429 6.99869773 8.07312727 9.33507956 9.92426073 8.97594261 7.95171244 7.96011949 7.69103314 7.34781041 6.81200470 6.42669949 6.77771663 7.31372033 8.42793996 8.04412411 8.03812243 7.52081854 7.74474880 7.09717293 6.50585981 6.48789636 6.48671716 5.92689583 6.14802019 6.42513293 7.23642035 7.23591940 6.86643257 6.73924172 5.89589125 6.22352531 6.31455133 6.61074531 6.34591452 5.99607121 6.38356046 5.85293847 6.13655517 5.94259864 6.67219768 6.46491510 7.06433615 6.71918466 6.04988724 5.99080211 5.78967524 6.45224352 6.63853807 7.73605561 8.32071490 7.71437150 7.21889025 7.19763364 6.95713741 6.76624359 6.69412891 6.37963615 6.47035601 7.60274862 7.53483429 6.97065097 6.96812597 6.61515377 6.05259648 6.46175880 7.76984513 7.42968502 7.78505057 7.81372457 7.39403185 8.44618262 8.31957197 7.97435476 7.74062929 7.38047400 7.22621301 7.53166867 10.20995373 8.60825914 8.14480990 8.14059949 7.52173455 11.39242221 11.41818560 10.01762195 9.64968960 9.81182996 9.23186250 8.44500059 8.06218618 9.29059546 9.91229223 10.23113821 9.71076435 10.17699419 9.29270695 9.17783694 10.00515976 10.86847671 9.38014453 8.83035223 9.63400675 8.49312783 9.38204143 13.06641110 12.78145418 11.36200353 11.06553204 10.59441685 9.67797896 9.99545925 11.09797363 13.03327486 12.96711622 12.75784897 13.66457837 13.20987808 12.37076031 13.00875773 13.93574481 13.49851338 13.12678831 13.02219207 12.88769702 13.18452387 13.48852752 12.90982620 13.32615909 13.07756183 13.07050584 12.52249381 12.10865306 12.64249904 12.45480721 12.09397276 12.23632386 13.02488502 12.64347720 12.52088474 13.40134314 13.23261054 13.43854239 12.91453738 12.53579900 12.25363825 11.59506132 11.80035268 12.74383723 12.57618470 12.75646259 12.38359930 11.38987970 12.05194463 12.74444381 11.68371505 12.46886748 17.02339018 14.95366022 13.76268462 13.22818738 13.40953386 13.52805647 12.43187838 
14.80014338 15.29240391 15.10162926 14.38424038 14.76170196 15.02168611 14.78998605 14.76708945 14.86030382 15.07875709 15.34493559 14.74701095 14.96470833 15.84072269 14.67099106 15.42639821 13.92087520 14.48476947 14.31438568 14.65726046 15.06895022 15.04411639 14.22468172 14.56172150 14.76287450 14.40437410 14.64599583 14.63927662 14.53644945 14.82456759 14.53132556 14.83520203 14.44324842 14.72110135 14.66791429 15.12756115 15.35116181 15.38036406 14.91505998 14.35642852 14.45862892 14.83251760 14.76299248 14.63397204 14.66869056 15.28965070 14.43742791 14.82248455 14.78980491 15.16396169 14.81979481 15.23002177 14.45411387 14.67099327 14.83760017 14.90815159 15.18170042 15.56185508 14.54371907 14.91859927 14.55970412 14.58560831 14.50375238 15.16249145 14.80477728 14.67947026 14.59595711 14.46785761 15.03593779 14.44897114 14.99897928 14.74867027 14.44964762 14.68264243 14.63118109 14.71145222 15.14748068 14.76418182 15.10816288 14.81484628 15.40957523 14.96688909 15.34853396 13.98900442 15.53864058 14.77340665 15.44603383 15.07155158 14.26059593 14.90332370 14.93124850 14.88316402 14.23215237 14.69475752 14.91752888 14.47357981 14.12790698 15.13626393 15.93033272 14.47363222 14.31508599 14.47313791 14.26378156 15.40510752 14.76706765 14.62649401 15.04373932 15.49139430 15.48891405 14.75599034 14.78480220 14.65105394 14.85565093 15.19654207 14.62818235 14.95730770 14.82366867 15.17003739 14.82822374 15.46289541 15.51281250 15.39319646 14.85135412 15.09985927 15.74274080 15.56888269 14.74889038 14.27980096 14.13575353 14.88595931 15.04242979 14.90334913 14.24684397 14.51991896 14.41741037 14.47443459 14.49642123 14.47799301 14.66416003 14.94887457 14.35007033 15.06122848 14.76973181 14.61343357 15.01313555 14.86093955 15.43209899 15.31625439 14.33544915 14.87265471 14.81683577 14.77542817 15.11496940 14.97526205 14.84801739 14.69755610 15.30088566 15.53889463 14.81210708 15.28293916 15.93237494 14.28197901 14.28438822 14.14334910 14.59497853 14.46560026 15.69145748 14.46905646 15.02390419 14.33463333 14.65031383 15.10937513 14.41771183 14.33117004 14.66354973 15.24358481 14.79226934 14.89656724 15.20775051 15.42634588 15.40662973 15.35319667 15.56404778 15.51504884 15.41630555 14.91707182 15.40322696 15.94153446 15.49176496 16.03665018 15.20459508 15.53139929 15.04225467 14.51598531 15.36679338 14.90754740 15.16086345 14.82043982 15.08884060 15.01634924 14.57835935 14.23281761 14.26708731 16.24800352 15.80515484 15.85580185 15.10601829 14.68347334 15.24614348 14.88863438 14.65334671 14.61030642 14.05995072 14.77717919 15.19567694 15.87972119 14.84837025 15.29926221 15.02036067 15.40258513 14.66702657 14.31298262 14.28276317 13.87318560 13.35969241 13.72886742 14.22422217 14.66630223 14.90084659 14.79221794 14.52276655 13.53098196 13.73248789 13.85334692 14.49589655 13.66339864 13.76585979 14.26412261 12.92139761 13.57020700 13.70546121 14.24043012 14.05068107 14.86077476 13.88036856 13.36791604 13.51858433 13.48909889 14.36680669 14.28230490 16.14275750 16.49026527 15.08954608 14.69501815 15.03990009 14.39459429 14.54357930 14.35480271 14.11768430 14.14268908 15.34408346 14.89083779 14.62240380 14.77257739 14.18473112 13.68510456 14.50149867 15.64889930 14.69721050 15.22275879 15.27306026 14.86222395 16.67974282 15.43641980 15.65140616 15.10073759 15.09435315 14.66636124 15.26805137 15.41910021 14.80062860 14.65198804 14.74452517 14.79133834 18.17106899 14.05894930 14.69109910 15.50608961 15.77813469 15.80466237 15.45324953 14.83857485 16.39603690 15.75297531 16.45717156 15.80524622 16.24314575 15.43644435 15.72852207 16.42558672 15.85251822 15.74260723 15.38912794 15.77554993 15.10599056 16.37245002 16.56333594 14.24029392 14.30115201 15.09804564 15.05648101 15.22248466 15.63269446 15.76675306 15.14382659 14.78659512 14.74295503 15.12179490 14.43461904 14.43165758 14.46000309 14.94339785 14.82846255 14.65290046 14.64796006 14.90947234 15.04274349 14.50760743 14.47788763 14.99908972 14.71586223 14.52722593 14.91680264 14.73427842 15.12904491 15.03635869 14.49215262 14.78674934 15.23919771 14.76174283 15.71876048 15.17978546 14.30273742 14.74870627 14.69096722 14.81147835 14.15831541 14.87300265 15.27544990 15.60712528 14.61192236 14.95144526 14.99133823 14.43279507 16.42840946 15.79922563 15.25787280 15.93922375 15.55897075 14.20702689 14.41601143 14.56589428 14.80598810 15.00840202 15.37750372 
11.94133663 12.37615927 14.32880411 13.49319533 13.15931479 13.73765879 13.82010807 13.29400043 12.95819634 12.67913517 12.49590124 12.10971879 12.45615068 14.17481526 15.95102758 17.34455240 16.76354240 15.54091551 14.57758064 14.53766104 14.97202413 16.13679038 15.02124148 14.69465002 13.73830514 12.90452573 13.89446184 13.95616575 13.93924298 13.84448042 13.10481952 13.69305632 13.45103472 13.23375417 13.02585333 12.60641693 12.79506428 14.94189311 17.00127126 16.08617734 15.27305760 15.13009137 14.53230177 14.37896986 13.88393698 14.68302601 12.55615048 12.77873930 12.41787320 13.25371442 13.36736086 14.31128719 14.00724834 13.50730682 13.73566601 13.62586787 14.25827969 13.94476428 13.66089600 13.28897783 13.63982840 13.77048882 13.75130524 13.75770551 13.85608755 13.53401615 13.11219053 12.73889094 13.29921392 13.24290292 12.75877836 13.12880304 12.95371681 12.76922526 11.84773062 12.17835440 12.01866708 11.72298459 11.86587286 11.87425449 11.43743193 12.29797250 13.27102925 11.65602018 12.10733563 12.68866994 13.37274786 13.81508624 12.73142842 13.18751558 14.44610731 14.86865754 15.37281353 14.43455271 14.36541178 14.32836694 13.28601854 13.42148911 13.49676311 14.42432770 13.64364814 12.87393582 11.64674456 13.10826353 13.46616234 12.98608699 12.56637828 12.21031307 12.17879874 11.03833166 11.61468294 11.21305843 11.29868446 12.21232607 12.44408335 12.12605468 11.40407486 11.56461484 11.54635975 11.96780259 11.96674431 11.69154260 12.64224715 12.37244316 12.51492333 17.77799091 17.41087400 16.87573009 15.44609492 14.40187144 14.84295920 15.37073471 15.35578334 16.13624260 15.67076654 14.87834256 14.37583646 13.94281720 13.58654853 13.72987389 13.17675827 13.24444052 12.77432971 12.17650171 12.11845250 12.14551178 12.78911524 13.14264160 12.46480145 12.44244986 11.82030407 11.55438866 12.25001535 12.56897571 12.27876096 11.78985135 12.04183641 11.47324810 11.29683823 11.17227199 12.51510994 13.21419918 14.43146860 13.90974025 12.61605408 12.49574952 13.73517459 13.70498187 14.36442177 13.86152182 13.05784302 14.13670657 14.22172598 13.28553966 12.48979588 11.95700170 11.90460125 11.55163432 11.14699329 11.01683644 11.16725290 11.08007171 11.09959346 10.83204646 10.65096547 10.87962642 10.55612550 10.72341468 10.50352015 10.61908654 10.20354019 10.79561146 10.17592205 9.64025983 10.02394895 9.63890634 9.93080733 9.88592538 10.02987601 10.29036923 10.63247034 11.50554496 11.53669922 11.31227563 10.44873201 10.69488668 10.22205795 9.63686425 10.28254752 9.97411614 10.26636936 10.91307546 12.07099214 12.05383377 11.79607816 10.68473395 9.71669692 10.11298625 10.26111396 10.38486667 10.98677053 11.50457548 12.01115834 12.27794321 12.23717211 12.77282834 11.73067623 11.23142351 10.66535021 11.68735225 11.59717837 12.14855519 12.56029168 12.95664076 12.90244322 11.93209358 12.12552282 13.27561402 12.49772574 12.58013313 12.42611151 12.43141695 12.55670589 11.12525411 11.11920573 12.18427449 12.83341679 13.46354668 12.36463789 11.81853410 12.04626722 11.59126765 9.82785695 10.35138606 11.07436010 10.76398671 11.81290822 12.32672715 12.24105545 12.13895875 10.51917993 10.61993070 10.50896462 10.60089293 11.99254937 12.27175920 12.87512218 11.88192917 9.96975133 10.31851563 10.44349616 10.23034406 11.44573236 10.42057773 10.51256749 10.51673840 11.21191906 11.06200380 10.91748267 10.48452104 9.72139049 9.74706498 9.72821205 10.08193210 11.83030238 12.12811850 10.77401518 10.42255171 10.61389637 10.32712328 10.13320573 9.71962408 10.57024517 10.55691620 11.04092733 10.60971634 10.90778068 10.14156980 10.32636932 10.75913714 11.50508885 10.29373642 10.05781924 10.45007874 9.72955950 10.48816457 12.85332231 13.30737783 11.73685566 11.53478259 11.15374680 10.47724467 10.78279334 11.46516437 13.36312182 13.63916222 13.28191438 14.57002641 13.97543493 12.92990011 13.58253769 14.24466607 14.35267604 13.79182459 13.63517023 13.37141350 13.32536405 13.94279688 13.54161617 13.85563194 13.72150017 13.63028734 13.13935500 12.62424757 13.02009964 13.05706111 12.65167933 12.74493746 13.31623650 13.08586951 12.65957106 13.73459570 13.74236402 14.00769266 13.44571600 13.14585175 12.66179635 11.77263916 12.30820235 12.89628244 13.19157152 13.06598486 12.83298930 11.96935896 12.12125307 13.20423487 11.78599095 12.58943537 17.35721817 16.03144810 14.38674128 13.58324685 14.44757854 13.75141990 12.78340347 
25.30515064 25.48241381 27.06553578 26.21132495 26.14190144 26.78993578 26.51737956 26.16350117 25.76520765 25.75130538 25.55546877 25.43547170 25.41184703 26.75022802 28.94095613 29.69464560 29.32375250 28.49921755 27.60589391 27.59565190 27.86955761 28.85945811 27.92760862 27.60663929 26.38394463 25.87419554 26.80238441 26.77269330 26.60627581 26.67887443 26.02079013 26.56461150 26.50868642 26.35910924 25.94329225 25.54303411 25.82329930 27.41846522 29.87539047 28.94800169 28.46834973 28.32038719 27.61663224 27.18490739 26.66627858 27.05716597 25.44909211 25.87949015 25.54553376 26.02781588 26.35669225 27.04604468 26.80696176 26.17059014 26.52267369 26.34583761 27.01985760 26.57216628 26.55866067 26.03647596 26.62806760 26.83304057 26.68489269 26.84244148 26.83049133 26.36153577 26.04801300 25.67258985 26.22888396 26.22035936 25.65409065 25.91706998 25.87555492 25.61304272 25.01378091 25.21251446 25.21079908 24.99999619 25.04799529 25.12073107 24.88328782 25.31527115 26.04631800 24.83818534 25.19809923 25.61268969 26.14486896 26.36579252 25.58019793 26.04737630 27.55364950 27.57045055 28.43050694 27.31699857 27.24358209 27.29398199 26.12886184 26.27686621 26.32573055 27.24166353 26.60541176 25.78518191 24.80774793 25.91474833 26.33867024 25.74064259 25.26069832 25.19636474 25.27557134 24.68305867 25.01324128 24.67440837 24.66884457 25.25379749 25.59233935 25.34086091 24.88919519 24.86003775 25.01193519 25.06516820 25.08765701 24.85064880 25.18651324 25.52724583 25.83505161 30.45980982 30.13062144 29.44352622 28.59097732 27.23955349 27.67011517 28.43256088 28.16705040 29.01253301 28.53247674 27.90079599 27.22623178 26.76637078 26.45323999 26.47863307 26.14829610 26.16910197 25.74952050 25.28651988 25.25328553 25.10361052 25.59448980 26.27969835 25.44594873 25.70058007 24.89822198 24.98682751 25.52231314 25.59507146 25.55753872 25.11825099 25.13778296 24.93652648 24.67292003 24.69277015 25.72403735 26.39940441 27.23055410 26.90800930 25.68235149 25.61601789 26.46953692 26.61215238 27.13702895 26.76956616 25.71769061 26.89954785 27.24679744 26.09433365 25.63160179 25.06666571 25.20657852 24.73478523 24.45934069 24.67489904 24.62719603 24.59805061 24.58029180 24.35300842 24.31462086 24.42412928 24.18036822 24.00740480 23.60513685 23.82786174 23.59956509 24.40585409 23.54448155 22.20769364 22.30319261 22.77720775 22.25824513 21.66218088 21.55451206 21.72434548 20.31359497 18.98850315 19.26957730 21.10755965 23.42832665 24.12182152 23.34087717 22.06166148 21.99857345 21.46237656 20.80538009 20.06362408 18.29921040 18.82678626 19.90543124 21.71233052 22.27441126 21.97538197 21.43958830 21.46458857 20.09635980 18.83103752 18.83153477 18.19311138 17.80687180 17.50296803 18.36450297 20.17032095 20.40243826 19.34091176 18.89821941 18.06765502 17.75141326 17.78907518 18.42312691 18.00412359 17.95161912 17.64744654 17.57226493 17.66462441 17.95649762 18.52256725 18.12289969 20.15637652 19.27760687 17.61410571 17.58126300 17.28634858 18.35298001 18.37578494 20.25606676 20.79826618 21.95462000 20.53067085 20.72791505 19.83640149 19.06957184 18.48137711 18.28716898 18.38165413 20.70197208 20.60721083 20.10437278 20.26934517 18.61754652 18.17577176 18.40452755 19.99719477 21.54140556 21.84146826 21.76986814 21.17314808 21.43009749 22.51647780 21.50924702 21.02587863 20.04854236 19.69162502 20.92684105 24.44517106 22.43805925 22.23186970 21.81476060 21.40936987 24.75339128 25.37954893 24.51991088 24.15009047 24.08006493 23.44880539 22.17266687 22.16383704 23.44681272 23.94773733 24.42653246 24.11780953 24.23744317 23.50882041 23.58561665 24.04491194 24.79598865 23.72969363 23.11097860 23.88036946 22.98961495 23.61832660 25.88255523 26.35978762 25.11669035 25.05543745 24.45919345 23.95520069 23.92526883 25.02761128 26.13322062 26.66847722 26.19333086 26.86237179 26.96462444 25.79643053 26.48781265 26.94028874 27.15313260 26.85800343 26.47824509 26.38212722 26.36771915 26.96964882 26.58237419 26.58462558 26.64312214 26.71438355 25.94262550 25.57650556 25.78675393 25.73414824 25.64623611 25.46090080 26.15176735 25.86157625 25.64585487 26.53172608 26.80641543 26.78834635 26.04062396 26.02904862 25.50203637 25.10173930 25.32238120 25.87368776 25.85499437 25.95536496 25.73697736 25.04422262 25.51607570 25.94119193 25.05647270 25.51902826 30.03015614 29.11664013 27.33496717 26.43978985 27.28101473 26.79232275 25.71129607 
81.72839873 73.89648021 68.27163608 69.75511832 72.59823210 73.63273489 74.04679188 74.55235777 75.20259493 76.40420672 77.76551501 77.10416119 75.90461689 72.29531818 58.56635687 59.52308422 52.25999886 62.44966606 65.88726685 67.71763142 67.80825703 65.07091896 64.56344672 68.19939262 72.48262148 74.07531871 72.44688753 72.78824799 70.59356759 70.89834884 70.83734277 69.55547332 69.30823189 71.36504295 74.36776292 75.85956813 74.48244319 68.49925343 58.98085770 60.12370441 64.02428166 67.23379158 68.49638394 69.69598245 71.13571599 70.83852651 73.69786424 73.10392249 73.64453374 73.51794137 73.25238782 72.20096255 71.45834082 73.10149759 72.61610832 73.34844271 72.37539670 73.55822069 70.57360780 70.71073006 67.70700532 66.94600247 67.71817361 71.06585640 71.89539677 73.28418480 74.73896075 75.85269359 74.85321619 73.70708661 75.86758731 74.25803632 73.99737119 74.00554658 76.61616965 75.80495905 75.82999454 74.97686251 75.43199403 75.24680129 77.74864684 76.88630132 75.68848183 75.42443273 77.11315572 74.92801848 73.80293412 71.65452402 72.90897053 70.52121133 66.20138579 64.57732722 61.23526245 66.19906579 70.24082200 69.03913068 71.57217894 73.97994040 75.43109538 68.84215075 71.13280805 74.06375280 75.98880876 75.88190184 72.50087137 73.77414819 74.54399896 75.06569286 75.50907416 77.78763283 76.94268682 77.60659752 77.28384365 76.79491353 74.68607223 75.97870379 76.75187175 76.95921566 75.27735404 74.83216359 74.40206064 74.53468764 74.47352602 75.99007551 77.15317203 60.18849933 54.19943327 55.42216274 62.98350836 69.56107978 69.55987987 66.10780312 63.15366614 61.47029710 62.16073752 63.91775672 66.46613442 68.79131801 72.12237657 73.13630870 73.34781711 74.94584566 74.55533885 75.23875710 76.15369283 75.67792088 75.05614656 74.15213817 73.62863458 73.46722974 74.82597755 74.78294861 74.98925105 75.74980333 76.27545338 76.58418762 77.57933191 78.07468597 77.73408813 77.73258998 76.52581223 71.56022586 67.53810097 67.42874308 71.87465350 71.79229729 71.19121191 68.82409114 70.45652352 69.62754405 73.76776173 72.19065253 68.97837953 72.37782063 74.89871746 76.46397960 75.33867566 76.14507483 76.34584385 75.89714174 76.13082293 76.56360795 77.91974712 78.21080855 78.02248280 78.04240990 78.58341541 78.96959200 79.41870889 78.55600427 79.09851897 77.76260453 78.41209704 77.45322198 74.62054647 72.04859460 78.19323095 79.11665926 78.78762761 77.99334158 77.39675318 77.09299409 77.19650955 77.05428986 78.99740473 78.92526543 79.18541512 78.68368802 77.01863504 76.74538227 77.17870063 77.15492277 76.88303710 76.70479210 76.62987884 78.63983440 79.71749074 78.46689720 78.66082845 78.08114860 77.54282597 76.87538167 75.09727921 71.40893539 66.62902059 73.71049161 77.04845693 77.94728677 78.07326651 77.62549304 77.43956458 76.58237699 76.13381491 75.54329291 76.70012845 76.72786649 76.13190495 74.08401287 74.18518233 72.80970107 74.52555463 76.38560786 76.89683904 77.49585279 78.15927763 76.81145826 75.75143210 75.15242701 76.38246644 77.25613147 76.80400198 76.49986261 75.09957402 70.71275331 70.57798745 77.76024111 76.95684113 76.68153825 77.04186550 76.98801689 79.18954992 79.07790014 78.82642577 78.24663278 77.37697706 76.47164949 75.34165523 76.31406703 77.00795575 76.88270657 77.86783492 79.27534352 78.74507540 80.11452716 79.25004264 79.30865630 78.14672356 77.88907123 77.55117080 78.75990142 78.94974829 76.72786847 74.21442837 72.47688192 76.98870472 75.19087993 79.11200260 79.93204152 80.12684972 80.31790518 80.78293815 80.72730477 80.16521911 80.47204924 80.17124847 79.64376713 79.05276693 78.86148871 79.07915012 79.22616972 79.36801192 80.81215435 80.28203218 79.81899328 80.79176302 80.00621919 78.75257335 71.88831721 76.46175974 77.41640196 77.81719766 77.86172049 75.30822828 73.48152681 74.79323919 72.89877197 74.63588120 73.31959804 70.83833219 75.57895375 73.67955456 72.77162751 70.88419719 71.54098287 72.12162567 72.63613762 73.24262462 69.87171653 70.99550827 72.21045107 72.73817684 71.71601986 75.96755805 76.84736558 76.44173551 76.04980519 75.93391653 76.29210136 75.62004914 74.44589315 75.63241389 71.09087041 68.54402516 71.79557990 75.02974022 76.01698305 74.93026462 78.28819155 78.06384232 77.75023476 75.11935197 75.16671699 76.61286590 75.56107409 78.55554495 76.00656248 75.27877981 74.41895557 61.58929072 59.41889014 69.88454977 73.25358438 71.50817548 74.02170917 77.11154001 
Width, m
169.2552 173.1957 172.9759 175.4257 178.8426 188.2760 180.5381 171.6629 179.4498 167.0167 168.8169 168.2632 175.7899 179.2414 192.5591 185.4347 175.9686 181.6238 182.2858 165.4085 175.2070 174.3205 177.2976 180.4711 175.1719 177.0025 178.8496 176.2779 173.2005 181.2891 171.3835 171.3389 173.2033 175.5216 176.2570 173.6935 168.0842 180.4552 189.2124 172.0025 185.0070 182.0055 174.6482 179.0547 173.7339 179.0663 170.8962 177.0900 179.3820 170.9808 172.6072 182.1490 181.1995 168.4411 178.6308 181.6033 176.0810 178.5088 182.0852 175.7085 163.0153 174.4812 178.2836 180.3064 186.9567 187.5544 174.6145 178.9517 183.0274 175.6434 175.1363 183.6273 172.5685 171.4967 183.5950 168.5367 173.5214 168.9313 174.0864 173.3487 166.6864 169.5361 180.4746 168.0046 161.3598 167.5855 172.1117 179.1596 185.0482 171.8149 182.4507 183.0594 181.9198 179.5936 180.8579 171.6166 178.7434 172.1610 175.5668 179.0640 177.7237 176.4165 164.0834 174.4581 179.2826 178.3583 164.8583 168.6900 181.8930 164.0891 170.8776 164.1661 164.2980 169.4996 161.4942 168.6474 163.0664 170.8156 171.4211 176.6505 176.5656 180.8776 176.9956 175.2998 175.8008 177.2241 171.9086 180.2808 180.0520 174.8979 181.1633 175.6072 171.9559 179.0111 178.4010 176.4627 180.6121 174.9323 176.4595 180.9994 176.3486 172.9793 179.1259 167.0098 171.8200 161.7754 171.5916 165.7362 177.3787 169.8142 170.7454 177.8295 165.6453 174.3131 169.5832 163.4761 166.4653 170.0103 170.9307 170.3231 169.3162 175.0502 178.8594 173.4482 176.4042 170.2037 179.1119 178.4642 181.6022 179.7734 167.6167 176.3771 181.3099 171.0875 177.6062 163.1907 173.1266 178.1752 168.5769 155.8869 170.3610 171.4038 158.5601 166.6889 162.9439 164.5483 168.5215 161.5209 158.0670 165.0967 157.1610 174.3820 160.6880 157.3196 162.4047 164.2757 159.9674 170.0316 152.9640 150.3872 141.3635 152.3184 146.6594 158.7922 165.4269 162.7260 166.1111 158.3602 152.2496 153.2474 156.4607 146.2627 145.3291 152.3428 156.6252 157.7185 152.9078 158.1482 147.8584 152.5173 159.1214 143.5717 157.0781 147.9368 146.7538 146.6836 140.8171 155.2335 146.8036 153.0021 153.4809 146.0063 149.6149 152.3272 144.9831 148.6905 142.5787 147.4568 136.0024 132.5132 145.3078 146.2299 144.3424 147.1088 141.6304 152.1228 136.0534 145.0876 138.7559 150.3767 148.0051 162.8892 148.2811 144.2144 148.0856 144.6031 140.9983 146.8986 150.5171 146.7229 150.5518 145.0569 146.5041 143.8848 138.8773 138.9191 143.9651 158.7825 147.5338 154.4486 150.0803 148.9627 157.1482 154.8316 159.4354 150.0493 153.2171 149.1540 151.9523 170.6382 158.3202 160.3209 150.3200 153.7105 167.4813 167.3954 165.1761 157.2486 156.8341 158.9173 161.1255 159.1382 164.9035 168.2342 160.7143 164.4098 167.5099 159.1205 155.8348 158.8750 169.8218 170.6634 161.1345 161.1012 164.2640 158.8654 184.5423 183.2420 172.0442 165.9272 174.8679 158.3641 174.0773 168.3993 182.2809 189.6741 179.6611 182.7515 180.1967 162.2276 172.2534 179.5177 173.9862 178.3682 187.5396 166.4012 177.5533 173.6697 177.7205 173.5698 174.0278 170.8423 168.6107 181.8437 172.4268 170.7801 170.0707 164.7565 178.1936 167.8408 178.9295 177.8425 178.7481 182.4822 169.1261 186.5063 169.2385 163.4589 179.0369 171.8172 172.4146 170.8877 175.9680 170.9175 170.1105 169.7127 167.0903 163.3163 179.2862 179.5538 180.5015 176.0594 171.4873 173.5059 168.9947 
173.8753 176.6072 179.1631 184.8755 170.1459 184.3196 182.0387 178.6111 181.5957 177.5842 180.4399 169.5214 180.5314 176.2919 180.3678 178.9451 189.1725 185.5167 178.5712 176.4884 191.6971 180.3427 164.9692 180.3794 176.0739 181.7518 173.3174 177.6506 185.0847 174.6851 172.3576 180.9200 177.9690 177.0706 172.8772 168.7255 174.4738 183.4434 180.6226 182.0391 184.5118 180.5446 184.8806 180.2330 187.6342 172.1816 171.8123 181.4738 178.7906 172.7156 179.2907 182.7028 176.3034 174.7391 183.4547 175.4455 173.4593 178.3578 179.2825 168.0174 178.0852 178.8608 180.2196 167.3388 185.7896 180.5268 182.8378 169.4302 169.7777 184.2967 176.9770 168.0426 177.9470 181.6048 176.8191 174.6666 174.9008 172.7261 174.5879 170.6151 170.3661 166.8588 177.8007 172.7397 184.7177 165.0835 175.5611 178.6364 178.9624 176.1180 179.8691 182.8642 180.1173 186.4932 188.4508 181.7728 178.9895 184.3493 175.6826 171.5373 183.5568 178.6590 176.4717 175.7988 181.3782 180.0956 177.3091 174.2315 165.6696 164.1390 169.9117 174.5260 164.9515 171.5444 176.2341 179.6371 168.3006 171.7035 174.6929 177.1379 171.8530 165.5401 175.4655 174.1817 185.5164 189.5615 173.6889 187.9660 184.4129 179.9134 179.1270 170.8596 187.5886 184.0317 180.0399 176.3603 181.0819 190.4217 178.5969 168.9490 171.3815 177.9905 170.1064 164.4201 185.4680 174.5557 170.8002 184.8404 179.5879 176.1190 172.3526 173.4528 170.9018 174.9573 173.3281 175.6819 170.7544 171.8460 177.5928 171.8024 185.4697 181.2831 183.5359 181.7368 177.9310 172.1039 177.1380 181.6806 182.1050 174.1423 170.9920 172.1557 181.0783 179.4687 170.5535 166.5832 164.8256 161.7154 168.8821 168.2510 179.6377 163.9151 181.2039 161.8830 170.5795 171.0718 161.1519 159.6254 164.2470 173.3553 149.7045 170.9741 168.9482 159.1575 177.6983 164.8861 165.4707 155.9123 171.2425 150.7969 148.1840 155.8258 157.7380 160.1479 173.3300 162.1311 162.7312 155.2609 163.2863 158.9874 159.3602 151.4432 156.8322 155.1065 162.5728 171.5589 158.3325 151.6406 158.5991 156.0474 159.7348 149.2601 153.5784 153.8973 146.5027 146.0190 158.7368 154.0684 147.0200 157.1813 160.3733 144.6083 150.8005 145.2272 153.7028 150.2898 154.1291 155.2827 146.6459 159.7170 157.5479 159.4942 155.4838 164.1274 154.4385 151.6277 150.0795 161.7443 153.2144 166.8432 154.4049 158.0321 161.8316 158.2576 156.2032 152.0243 149.4198 143.4676 167.3124 161.5007 158.9449 153.3973 149.4080 168.5035 151.5985 148.3099 161.4216 153.1293 159.4443 153.6902 162.9042 157.9951 164.4434 154.6781 164.6606 161.2849 154.2712 156.8682 166.4869 164.1438 163.8562 165.7986 157.9104 152.4612 176.8074 184.3544 166.2217 164.3141 163.6273 161.2786 163.2274 163.2575 160.8909 177.8996 174.6444 168.1490 173.4192 177.5185 162.1314 171.6696 175.6552 167.4660 162.3863 158.4868 164.8557 170.9240 175.5499 176.7863 167.2717 168.1267 176.5670 164.6642 172.5474 170.5955 183.2684 181.6680 180.6711 182.6953 174.8384 173.3055 171.3358 179.3756 176.2926 180.9764 173.3784 183.1334 178.6930 185.6881 181.9327 172.8373 177.9659 173.8542 180.1028 184.7261 172.1501 175.0336 170.5518 183.5292 172.4186 176.2173 177.8100 181.0421 172.5540 182.1032 180.5944 178.5263 176.8131 177.1942 180.3510 176.8701 174.6534 183.3574 174.6043 179.7015 173.7536 169.5885 168.3829 175.9849 186.7998 185.3527 187.2637 179.9879 184.3627 180.9609 179.4046 
184.3705 191.5414 191.7244 192.5373 188.1891 188.3333 185.7943 186.0889 181.7153 180.6732 176.0586 181.2504 184.6416 195.0234 198.8079 188.0991 191.7911 185.0801 192.0757 185.2286 188.5781 190.9151 186.5365 192.9302 186.1874 179.0779 180.9572 197.4829 186.3064 187.9456 176.4781 187.2821 182.1747 189.7297 190.8436 181.4361 182.8502 186.0221 196.0224 197.0593 188.7986 186.2274 198.1551 189.0497 177.6905 192.6331 180.7547 188.2807 190.6438 181.4673 181.8938 189.7820 181.1293 187.6583 184.1502 184.7061 188.4416 186.0199 181.9658 180.0592 195.3191 192.2040 190.7479 196.7758 196.4754 186.8288 183.4713 187.8811 185.7648 183.1820 187.5164 185.7781 182.3663 187.2514 185.8126 182.9145 181.6481 178.2400 180.1260 184.0244 184.0381 194.1818 190.8478 181.0418 175.3527 179.2714 187.2230 184.4437 190.2378 182.7496 187.1525 180.3372 185.4170 187.2106 181.1168 183.7957 175.9796 190.5772 183.8622 184.3161 189.8007 186.0118 176.0441 192.0634 182.0513 177.9803 193.2109 185.1068 172.6031 175.9628 181.0440 176.0927 179.4950 180.0927 177.3651 185.0385 183.0640 182.3393 175.9478 177.2588 181.8433 174.8472 185.9527 192.1418 184.6368 199.2801 190.5796 201.5761 190.9675 190.1850 190.5326 191.3826 190.4194 195.9488 192.6381 184.4112 183.9437 188.5920 197.8733 179.6981 190.5494 181.9364 183.5901 183.0860 186.2126 178.9319 183.9959 191.8108 176.3444 183.3801 184.2512 182.2949 181.8109 184.8765 178.5265 177.3227 181.9774 180.2632 176.5941 184.2195 179.4100 189.0666 192.6418 187.9660 186.3022 193.2761 175.1785 187.4136 191.1804 188.4604 187.1875 188.3257 174.8847 185.8227 186.7961 182.8541 184.9921 186.2120 171.5591 171.0585 175.7072 169.4750 181.5366 167.1496 188.6030 176.1250 169.6322 174.3770 159.3434 163.9485 162.9643 172.5425 169.5453 153.0043 153.9438 154.4979 151.6816 149.8790 150.4512 153.7431 145.9385 130.8091 125.4028 152.2568 172.8704 168.2754 163.9891 148.7369 149.3010 148.3485 146.4247 137.1538 130.3901 136.6830 146.5937 155.5563 153.6968 155.1909 138.8540 149.1709 149.3656 129.9509 132.3805 132.6421 140.1304 132.6442 139.0962 140.5563 145.1165 134.1668 131.9305 125.6914 126.6748 135.3577 134.6606 126.5891 117.9512 127.4514 125.4628 130.4406 125.0277 140.5968 134.4961 139.9950 136.8390 129.5227 117.2646 132.5407 130.4468 133.6545 142.4592 160.4927 157.2105 136.8929 142.7290 130.2804 135.5581 129.9946 127.8036 135.8925 142.0891 148.5687 140.8085 145.2710 131.7451 125.7357 137.3736 143.1375 137.4974 147.2179 143.4998 139.2360 153.2914 156.5510 156.2796 138.5750 142.1528 145.9686 141.5373 168.8409 162.9691 159.5959 152.7443 150.4594 179.5290 186.0933 177.9104 173.3363 165.0956 166.4442 156.2968 158.5222 166.6457 167.5294 171.8999 162.9690 164.5743 168.4399 168.4088 177.5240 169.7014 168.7620 158.6043 170.8123 159.3547 166.9044 182.5255 190.7908 179.8072 171.1117 174.6931 163.5179 174.4074 179.8477 189.5189 177.9470 173.2240 178.0863 177.1862 185.9604 190.8063 194.3882 183.4968 182.4892 196.9292 176.9900 189.7633 187.1227 191.7024 187.3528 186.7073 197.8026 186.5944 173.2288 190.5509 190.4526 187.1692 184.2064 190.3120 186.3992 179.3122 192.1070 185.6149 193.0620 187.4583 188.8738 191.1546 181.6053 178.0190 182.3444 192.1956 191.7203 181.0432 179.8211 178.7333 186.3553 186.4993 177.2197 200.4810 198.4739 186.2953 184.7434 193.6263 172.6855 183.0367 
166.4825 177.1676 180.8963 177.5547 184.2657 178.1519 179.3754 184.6910 170.6001 173.5007 176.2385 174.5238 176.3928 175.9720 185.8754 189.4230 185.5342 181.5177 186.7355 177.9759 182.1695 184.9227 187.7351 181.3573 185.0726 170.4009 175.3607 185.6096 180.3939 169.5211 168.9344 177.1772 174.6421 182.0176 164.3850 176.1651 170.6585 187.1636 197.9636 171.6305 185.3985 182.0936 181.9876 177.2859 179.3862 183.6964 174.6989 169.0151 174.5511 176.4603 175.1682 184.5812 176.4390 181.4442 176.5946 174.1529 186.3628 174.1743 174.9441 172.3056 175.2925 176.7178 166.5587 171.0218 183.3543 176.1591 168.6402 178.5337 175.7059 182.1562 176.7423 164.8521 177.4688 180.2590 172.7623 172.6905 160.0132 170.2460 173.8153 169.0946 167.5327 166.8891 168.9625 156.6310 170.4254 181.3541 182.5494 178.2713 176.6317 181.1699 176.0619 184.2091 181.2746 179.0905 186.5622 176.8529 180.2863 178.2802 178.9783 179.9502 181.1347 186.4936 172.1201 175.3864 175.5281 187.1923 168.9846 169.3661 173.5972 169.1567 171.0381 170.0457 164.6838 172.5456 172.7256 175.6970 159.0765 167.6987 169.3419 160.9775 171.9769 173.4311 168.7678 169.0933 173.9934 191.8779 191.4991 183.9324 183.1364 185.7198 168.8532 191.8303 180.9723 181.5693 190.2309 180.5064 185.8681 178.4318 183.1272 183.1526 172.5132 173.3971 179.1429 167.9971 179.2290 160.3448 177.9483 172.2291 176.6138 173.9650 168.7270 165.6229 171.1692 172.1857 178.8646 169.7520 168.2086 170.4162 166.5527 169.6195 175.8747 174.3746 169.0694 180.9743 174.6128 172.0231 176.7718 175.4839 182.3913 173.0628 174.6012 173.8184 180.6497 180.0831 181.0615 190.4112 169.0978 164.3271 161.0437 163.5809 170.2693 163.6678 169.6427 158.5305 163.1746 163.2738 169.8913 153.1311 160.2746 157.0053 150.9741 167.0810 149.8914 139.7910 149.3660 151.4018 144.2834 149.5833 147.6796 140.9994 131.9081 130.8816 140.8253 141.5282 148.3338 153.6263 159.5812 146.5433 146.3651 136.1227 144.2779 142.0865 132.1846 139.1123 142.5829 148.3161 135.6474 148.1145 150.9773 136.8986 138.1620 142.5439 132.0680 135.4163 126.7971 130.0758 124.4235 136.1252 140.0740 132.7591 142.4407 125.8687 133.5698 128.5390 137.1959 132.3193 130.4277 129.3218 128.8644 134.1767 132.7914 132.5683 135.1232 135.1084 126.6607 123.9523 128.3985 128.7765 137.5986 133.4224 152.9937 155.6008 142.5456 134.6098 133.3677 137.1893 141.0928 130.4221 128.7856 129.0008 140.8281 146.7195 136.9229 139.2565 143.3659 134.2908 132.6353 148.0446 141.2071 145.8940 139.4373 134.7511 139.8406 151.7683 145.8518 143.5683 137.1752 124.8405 141.8202 153.9783 146.3856 150.5613 145.2287 145.6264 165.8533 180.1532 169.1235 151.4100 145.5837 149.9048 146.0048 146.3747 146.4885 160.3357 160.2207 160.2731 152.2563 158.3965 154.4939 164.9212 155.6911 155.4655 153.2847 153.1900 145.7901 150.0804 175.0259 180.1145 178.1360 166.0021 165.5412 154.0484 164.8898 162.9255 175.5644 184.3958 175.6463 183.3597 184.8882 179.8692 177.0420 175.8591 175.6174 177.7660 188.5056 180.4107 180.5510 180.6364 178.9085 181.3838 173.7593 177.9017 171.0778 173.3138 176.5069 168.5943 177.6228 177.2900 169.3219 173.2931 171.7273 167.9181 176.4685 177.8359 173.9907 187.8889 180.5150 161.0571 176.9242 171.2340 171.1243 180.2718 171.5817 171.7239 164.3617 172.0539 165.7514 177.7432 190.1915 186.0638 177.9374 185.0281 186.4602 173.7724 171.7590 
186.0999 189.2346 191.7094 190.2133 182.3865 198.5834 179.2084 184.6951 192.0122 180.7507 187.7574 182.9104 180.7855 189.9818 229.2437 259.4250 279.2284 195.0224 188.8263 192.7701 201.1048 205.0667 198.6195 194.2358 193.4021 184.7078 188.9822 191.1772 204.8608 182.2824 185.7138 184.3424 192.0170 193.4737 186.0324 188.2747 184.7084 185.7436 275.7137 238.0995 197.2462 206.2158 188.4664 197.8822 187.2322 199.1663 188.0678 187.7047 186.6731 180.2923 183.7493 191.6654 184.8807 184.9111 192.6358 185.5045 186.5863 197.6055 187.9402 184.0378 188.7627 189.2112 182.2849 191.1449 192.2613 194.1317 180.7528 175.7211 186.4254 194.6621 184.8247 185.9364 191.6229 188.2599 175.8671 182.6212 177.9362 174.0285 186.9342 176.1143 171.8349 184.3925 181.8906 186.7345 184.5799 193.3752 189.9934 195.3987 185.9800 190.5008 198.1840 200.6993 207.0989 194.4034 191.6161 201.3440 186.6557 181.8061 178.9421 193.8603 187.1340 181.5881 185.9557 183.7078 184.9152 184.1856 193.5697 175.9673 188.5793 178.5058 180.5375 187.8833 179.1706 190.0208 177.4543 177.3454 177.2920 183.0560 191.2253 183.9813 182.7511 172.7696 179.6590 175.2914 184.0075 279.1793 291.2406 276.9491 205.0037 178.9814 201.5192 204.4122 200.7284 225.5310 205.3487 190.6428 185.3090 197.4558 194.6407 187.2246 191.5220 185.7737 191.5574 183.6808 182.3200 182.1869 190.0230 185.7376 178.8682 181.7905 180.9386 176.0515 176.4268 180.2442 183.8041 186.3778 182.4353 179.0003 176.7156 183.7675 180.0760 184.9275 192.0319 198.1765 181.8605 183.3331 184.0718 183.3333 188.9490 195.1437 186.7970 196.9072 196.0694 181.2696 180.0150 184.4253 189.4806 180.8720 176.8737 175.9125 170.6206 173.5359 178.4094 175.4302 185.0264 171.7840 177.3198 180.2200 170.6442 162.4696 171.5544 172.7496 163.4727 169.9155 163.0215 169.1742 173.4299 166.5391 155.2972 158.5757 162.1513 157.4710 158.0935 172.3652 171.1768 174.7391 159.0891 163.4926 162.9235 165.6412 158.2101 156.9671 156.1653 151.9310 162.5012 159.8360 170.5667 170.7102 157.7436 156.6813 151.2642 144.1093 166.7568 157.2216 161.2444 144.7855 156.8752 160.3479 160.2435 154.1721 158.6326 156.6475 157.1362 157.2662 147.9890 146.6806 145.3837 152.7857 144.7602 151.0865 157.5264 156.4371 151.8412 162.6326 151.2376 154.3948 155.5620 148.4124 159.2862 156.3200 156.9452 163.2340 164.3449 155.9848 159.2528 162.5965 157.2942 159.1485 149.7380 156.4028 150.6864 152.6708 149.1005 153.4830 152.5743 153.1358 149.6323 158.7959 161.7293 168.8439 161.2936 149.5502 165.6849 170.3270 159.9530 156.9828 170.2566 159.8198 164.3163 171.5779 156.2948 159.5993 160.6325 165.1253 182.7973 186.5812 172.9780 172.1422 183.1341 167.9437 168.1235 156.4500 170.6949 173.8910 171.3986 164.4233 162.2027 169.6392 180.8191 169.5783 177.7715 173.7994 173.7764 167.4075 163.0814 169.7745 181.3146 188.0089 187.0579 181.6943 172.4277 173.2683 181.0008 180.5108 179.1832 185.7702 185.4655 201.6382 198.4392 187.2027 189.6039 194.1364 193.4340 191.2940 194.2756 191.9693 188.6362 188.4715 194.3155 182.2685 183.7871 186.0764 195.9839 179.5276 193.2450 183.2334 186.7794 190.1598 192.4495 177.3696 188.3993 187.8832 192.2959 185.7582 175.6142 177.9506 194.1194 185.2472 174.1898 189.8036 190.9674 189.3169 188.1386 181.2032 181.3895 179.8814 181.8554 187.5970 277.6803 241.8038 187.8594 187.9295 186.8274 187.1063 188.7452 
202.4003 193.3633 202.8524 202.7469 201.8502 200.2551 201.8703 192.2552 201.1677 188.0519 202.7269 185.6235 195.1066 201.9005 210.3061 214.3694 220.2129 209.4831 210.5688 205.3839 210.3626 213.0323 207.1153 207.0138 200.1839 197.8697 209.4383 198.6472 202.2061 192.2083 195.2394 202.9471 205.1656 195.1571 197.0421 195.3340 193.4796 202.1897 208.3690 205.7637 209.1538 209.0690 202.7178 207.4009 201.4423 204.1662 196.5246 187.2387 197.2698 195.0944 196.9512 203.7144 201.9920 193.6129 194.8080 193.7756 209.1741 198.2356 197.0647 194.8116 201.3597 196.2498 200.1840 204.3947 200.7129 199.1770 196.2568 199.3304 197.8206 201.1594 186.8972 193.0438 194.7801 199.4180 193.4346 198.0320 196.0693 189.2315 192.1900 186.2450 194.9052 206.0954 206.3820 187.7164 188.8136 205.1720 198.2901 200.4535 208.0034 198.0761 188.8680 214.2603 213.8934 207.3734 216.6666 201.1686 197.5390 190.1915 195.2767 208.1513 197.7069 188.6133 195.6145 189.6156 196.0784 194.2186 186.6991 198.6435 191.1020 191.7234 198.5644 197.3871 180.8817 195.5277 198.2200 189.1022 183.9541 185.4909 194.0733 185.9416 202.6351 192.4703 196.1755 189.3752 186.1729 223.6534 238.2600 235.2232 215.7201 201.1780 206.7437 217.8128 213.2294 219.3347 213.9817 210.7210 200.3830 206.4282 207.9440 198.0876 193.0376 195.0097 189.1087 191.5751 189.8563 196.3334 189.8113 199.0800 194.0200 191.8426 188.6525 180.9754 186.2842 186.3454 188.5827 197.1096 203.0724 189.5603 189.8634 192.2936 197.1610 208.0064 196.1427 206.0215 188.6104 189.4998 196.6940 197.4433 200.0103 197.3285 203.2074 203.2271 206.1130 196.2648 194.6800 194.4199 193.1076 193.3613 184.2311 184.3429 184.1138 185.7193 183.9482 190.2045 181.7790 186.4391 184.1315 193.1018 178.6372 192.9758 187.3635 175.7675 178.9876 177.6139 168.6243 178.8788 177.3627 169.7060 175.7544 183.7300 169.1443 164.4390 162.0822 168.6993 191.2050 186.2803 184.1943 176.9432 175.9422 182.5141 171.8696 164.4206 165.5637 169.7231 171.2095 171.0596 176.1387 172.4035 179.1957 169.7141 171.9799 168.1051 160.2579 162.6490 163.3047 165.7924 163.4364 169.9439 166.0102 162.5298 165.7420 160.9519 173.8684 161.3343 159.0001 164.8028 174.1809 163.3220 160.4631 168.6053 157.4430 168.5080 158.8385 167.9818 172.8796 162.2361 176.2713 162.6338 162.8402 159.7796 173.5564 170.4293 178.5384 164.1535 170.4435 164.6472 168.7206 168.5086 167.0103 161.0026 164.3560 178.5676 180.0183 168.2021 168.2827 171.8699 159.8103 178.6032 169.1443 168.2099 177.8200 159.4089 175.8943 174.6859 173.8223 166.6817 179.2475 169.9241 169.1107 185.4224 186.9380 171.2363 178.3721 177.1660 187.1171 194.8622 186.2012 177.9431 181.3547 177.5945 175.1078 175.2049 178.9335 186.7209 193.9995 187.7268 185.4137 178.6869 181.5703 181.6805 189.2661 180.1845 185.3234 180.5914 174.7946 185.5436 185.4049 201.2143 191.8344 193.9869 184.1028 182.0259 190.3405 194.0999 191.0364 193.7897 202.4086 195.2964 200.7418 194.9172 210.1311 202.6012 203.5530 207.0756 203.2039 198.6803 204.2147 201.9657 202.8322 192.3425 198.8927 205.6742 196.0293 191.2369 190.2828 189.8312 193.7713 193.8147 202.3442 195.3484 197.7268 196.8976 204.8294 203.7311 196.7929 195.8609 189.8988 192.7650 191.9482 189.1310 201.0663 195.1396 199.7068 188.4876 194.3413 192.5102 190.8514 184.1570 217.8882 216.1825 200.9720 208.8136 212.4748 201.6233 188.1354 
175.2535 177.7334 185.7605 176.6656 189.3444 180.2963 179.6913 187.4865 176.0175 175.3028 178.7786 173.2472 186.3406 181.9271 197.4222 202.9631 207.4121 187.3777 181.2129 185.7771 176.2718 187.2560 194.7302 194.0015 176.7232 177.6962 188.9673 192.2726 179.5628 184.3329 191.3226 185.0554 184.2129 188.6652 179.5646 170.3504 170.8293 182.8652 198.1309 205.5807 196.5307 196.5967 190.8806 182.8820 182.4962 178.8531 175.7785 183.1344 169.7611 177.3363 177.7554 184.3814 194.1152 183.2125 186.9617 181.0580 183.2999 180.7704 179.3266 174.1628 182.3037 190.6545 187.7759 184.4508 179.4277 174.3368 185.0845 172.9726 179.8053 186.6544 180.2087 183.4215 190.6572 176.9134 170.2599 179.5633 165.9660 170.6858 167.2127 180.4275 177.3790 168.8929 181.7266 180.8944 173.9790 170.0638 171.6655 181.9374 177.7833 176.7529 182.8847 186.6499 187.1976 181.4000 178.3601 182.2692 187.5870 180.8475 185.5615 185.5206 188.2271 166.8613 180.1375 167.3054 170.8051 172.4131 176.6087 163.6427 175.8616 172.6681 176.4041 185.3859 180.2133 176.8347 179.5937 176.9432 173.1882 170.2869 170.4393 169.4158 175.9256 176.1866 183.6588 190.4495 164.6254 198.6695 220.0351 209.8300 200.9584 188.6984 185.0085 189.4683 179.2727 198.3281 187.2971 190.3333 187.7482 179.9209 173.4719 183.2546 180.5450 181.2792 178.0446 173.5931 178.2695 176.6074 180.8860 174.7866 184.0326 173.8249 170.1186 168.6052 179.7406 178.2041 182.4708 177.2258 172.5864 164.5535 165.6732 169.1291 184.0153 184.6760 192.0952 179.8638 176.0610 163.7242 175.5608 180.7728 179.7744 187.5454 175.7951 184.1116 187.5310 179.8458 179.3936 174.0858 169.5146 164.7635 172.1244 166.1491 172.1950 171.3199 163.0104 166.3860 173.0360 170.5363 166.3759 166.7019 169.5809 168.9736 167.7963 168.2099 158.4087 164.1850 156.2496 160.7284 161.8632 157.8656 168.1232 154.6658 154.6130 143.9100 152.0983 162.2625 165.1577 172.5089 159.1486 156.1607 149.7903 158.7267 151.7624 151.2026 144.1854 148.6960 158.6737 158.1279 162.2102 154.0323 158.5183 160.2058 162.8654 153.4654 146.5398 144.1634 153.8469 151.2948 152.4441 154.5428 153.1024 149.5971 147.2920 144.2700 147.1263 144.0090 143.5566 140.4628 143.7596 143.2988 149.3472 146.9059 148.5196 145.3078 147.2207 160.2220 155.7859 153.4626 151.6364 150.2033 140.8424 143.5253 153.7202 147.1938 162.5161 160.7258 156.8143 149.3420 151.8281 145.7497 151.8817 142.7897 152.9195 156.3528 165.1114 154.2337 147.3043 146.1245 143.9709 153.4138 155.1214 148.2066 155.8487 158.0328 159.6251 162.3326 153.0822 168.1396 151.2326 144.4543 152.3698 151.2590 160.8107 155.1159 152.0605 153.8625 163.1180 176.6878 170.8002 162.9320 164.6325 159.7001 158.4626 168.0417 158.6080 164.3652 159.2054 164.6589 168.9226 159.6062 170.6843 163.6903 170.7013 163.4301 166.7056 159.1117 165.0219 164.4374 177.3310 182.9922 177.9279 176.1605 171.6099 171.5918 172.4348 181.0054 177.3636 181.8205 182.8520 181.7426 183.4739 184.1239 179.7224 177.2920 184.9340 188.4375 177.6046 184.3294 183.3201 185.8981 182.5358 180.0288 178.0558 181.3330 173.3030 172.1884 176.1830 173.5006 171.7776 173.5031 185.3214 178.2442 179.7971 179.2423 183.4777 185.5103 176.6032 181.0315 180.8687 181.6960 169.5953 179.2576 179.7043 179.9881 175.5679 182.4396 167.7679 190.7410 175.7865 166.7247 203.2368 199.1751 184.4234 180.3975 178.4514 179.5966 185.0874 
181.9866 190.5365 186.9591 182.4524 180.4041 183.7897 184.3967 190.0540 169.9566 183.5382 174.9251 173.5695 175.3826 172.2252 202.2792 189.2957 206.0717 192.3770 184.4709 192.1638 179.4783 193.0451 191.7759 181.9455 193.5060 173.2175 175.9201 186.5448 192.7870 188.2066 178.2668 183.1108 189.7750 172.6831 174.1264 173.0772 186.0633 184.9627 199.2509 201.0343 190.8538 185.4355 182.4569 180.0071 177.5205 182.7705 183.8614 173.3943 176.5797 173.2612 180.0214 188.1614 188.5019 173.8352 179.0175 188.0090 184.9580 185.6938 182.6235 187.9091 189.1179 185.0815 183.2384 179.3103 184.2455 192.2438 183.2852 181.3126 176.7673 172.2471 168.3052 174.0083 179.7480 177.4080 177.9163 179.7722 185.5908 173.3831 176.4293 172.9063 181.4062 176.8700 185.2891 173.8383 164.1645 186.0025 189.6654 184.2519 182.1462 189.6275 183.2392 187.9231 184.8108 186.3577 190.6970 180.0565 180.0836 182.6145 185.0973 185.3552 183.8320 175.8146 169.1271 176.0679 189.5238 174.3450 179.1844 180.0541 175.3111 163.5089 173.5755 175.1245 176.6528 171.3740 175.8192 181.9086 178.1118 179.5413 180.4183 168.5637 169.4068 174.3542 165.5433 180.1977 180.7439 200.6745 195.4777 195.1992 185.3348 179.4505 192.8957 192.6108 185.2860 182.3724 187.8337 184.9300 182.3654 183.6770 173.7170 189.2710 185.0057 187.8355 176.5928 185.4359 179.1926 181.3680 175.9334 177.9797 177.6203 179.3590 172.0527 178.8427 178.2430 180.1040 172.3916 178.8979 175.4234 174.5066 170.7935 169.8643 179.4247 178.6061 181.0054 183.9909 180.6156 182.0136 182.5413 185.2311 189.3457 176.1804 177.2121 185.7286 177.2983 186.5309 180.8702 177.0158 170.9046 171.3066 170.5683 174.0503 172.3316 165.0933 168.4880 170.7695 174.6460 160.7873 164.5107 163.6044 165.7682 161.0749 165.0382 167.0789 155.2831 149.1576 147.4985 145.5045 147.3538 136.5217 150.1861 145.6293 137.4404 139.3759 143.7204 140.7205 164.6473 158.9921 154.6204 145.1750 146.9459 148.1069 151.2022 143.6393 130.6557 128.4861 134.6003 143.2689 146.8153 145.9643 147.4907 144.1380 139.9680 133.2309 129.5840 130.2290 121.6647 132.5267 131.3161 135.4472 133.8664 132.9548 139.2984 130.5591 135.3673 124.0379 133.0434 131.4850 124.6878 126.0276 129.6302 126.1104 118.7994 131.4985 128.0183 143.2611 135.7390 127.8334 123.0361 131.5830 124.5993 130.7353 131.2529 143.4366 154.1325 149.6231 141.9139 141.3066 135.8423 119.9764 129.0416 129.1293 137.3070 143.0701 135.4137 137.7486 136.0301 129.6870 129.3316 127.5239 151.5424 143.3502 139.8177 145.5701 133.9779 156.9070 141.3400 142.0472 135.5639 132.4860 142.6086 159.7614 157.7365 153.8977 147.5873 139.7634 165.9794 173.2241 167.7680 164.5095 169.3262 165.9653 154.7838 148.8788 158.4261 163.5526 162.5151 155.7352 164.6475 162.1376 161.9575 154.5730 172.7345 160.1006 146.5849 164.4384 153.5798 155.9898 178.1829 176.0691 175.1853 176.3806 167.9974 169.5357 171.1482 166.2916 180.3415 175.2899 171.4439 183.2905 177.3410 176.6745 187.7143 185.4425 188.5874 179.6197 182.1604 180.5508 178.8821 174.6997 181.2701 174.5193 182.9523 180.9868 183.5218 171.3567 175.7458 177.0358 186.4574 188.5910 178.5627 180.2081 183.2471 179.0607 180.1652 185.3527 183.1332 183.5308 182.8146 173.1493 179.8674 172.6672 185.4487 181.0828 181.5269 180.5537 178.0291 183.8657 176.3771 169.9171 194.6549 194.9143 190.2692 184.5099 188.7651 181.5227 173.9578 
149.9162 150.7667 159.3013 165.7270 154.7856 160.0828 159.6759 157.2031 158.4895 154.9810 150.4697 153.1777 148.6911 157.9845 174.0953 164.7986 181.3265 174.9257 169.6203 158.9891 169.0228 169.6845 157.9960 158.6758 154.3020 159.4947 153.0559 156.9485 157.3938 164.3923 156.8013 166.8500 159.6489 161.7770 153.0446 156.3423 149.8847 155.7770 164.4656 180.0607 158.0779 162.2517 160.6315 155.7530 163.6269 152.8130 157.2622 152.1980 159.9491 144.9240 158.4433 165.7387 163.2833 169.0165 160.4292 160.2621 162.0998 149.4402 156.6788 158.2719 149.4900 174.5224 161.4638 166.7953 155.1443 155.1439 163.7222 151.3869 167.5008 161.8346 154.1898 154.8611 159.6148 155.9532 154.6045 149.8798 152.9845 147.9817 150.3908 153.2081 153.7684 151.6549 146.6403 155.0802 150.8950 155.4571 153.4552 161.7514 162.6413 153.9172 156.7791 159.9767 166.8626 158.2093 160.2623 171.5474 165.6935 154.9574 154.3400 164.4624 165.9155 156.6212 161.9261 157.2651 159.5144 150.2862 157.3752 151.7218 144.4322 147.4947 154.3604 143.5397 147.2720 159.6607 155.0693 144.2303 149.2829 151.1243 149.4988 155.0874 151.3523 146.1429 151.2027 150.5045 151.0533 180.8399 175.1695 170.0846 173.3462 150.5997 168.4755 168.1604 161.1326 169.4773 169.7643 162.9069 165.9302 170.3405 159.5891 165.2018 149.5577 158.9111 149.0278 156.7020 145.1036 160.9296 148.2969 149.4179 153.1092 154.3739 156.0182 143.8728 157.0740 146.6496 152.0013 145.1859 150.5515 144.6175 158.2555 154.6101 147.8233 169.9062 165.1069 164.8547 154.2855 157.1102 163.3964 160.5338 170.9913 152.7441 149.6565 155.6350 158.0283 158.6506 153.7576 144.2094 157.0073 147.6779 140.1287 144.7935 139.1963 148.2658 144.9962 147.0150 136.6653 139.1574 141.6376 139.6525 129.0257 130.5694 141.7605 144.9600 145.5350 137.2331 129.4504 142.0003 129.8199 128.4137 131.7053 125.6729 125.7060 111.2590 115.8278 125.6621 135.5980 144.8384 139.3678 122.3353 122.7308 136.9991 126.3555 136.9002 122.8054 121.1082 122.1744 123.2267 134.1200 144.1245 125.6416 134.3123 119.8623 129.1829 120.0743 121.3916 132.8098 120.2779 115.8043 113.3300 124.8725 106.4973 119.6840 113.9528 122.1285 117.9129 123.0616 123.0732 112.0453 115.2328 117.6150 124.5994 109.4649 111.2641 116.4461 118.0709 118.1928 116.6050 109.0551 123.1241 115.9310 116.3486 121.3556 121.7201 134.4395 119.9834 128.9252 133.7245 114.5535 115.3893 115.2525 116.1543 118.9423 123.9373 134.1445 128.0610 121.5850 109.8996 114.0014 115.7032 129.2812 132.4782 118.1863 128.0201 120.3279 125.7422 127.3166 121.0219 114.9723 123.7361 119.3450 140.9501 133.5857 128.7035 140.1550 128.6143 135.3221 160.7588 143.9797 140.5752 138.6947 145.6964 128.4486 133.0021 137.8069 145.4836 148.4677 134.1243 141.6009 135.1455 129.9739 135.5286 141.4802 141.1150 131.2171 135.4962 132.2073 137.7512 151.9095 170.7746 150.0129 158.2106 146.1930 143.6089 140.5565 156.9939 157.1568 162.3821 157.7075 159.7085 164.9791 154.6688 156.8931 164.6783 157.3490 168.0586 157.4283 164.0636 160.6374 148.4602 154.2950 162.4165 163.9572 162.4234 156.8902 154.0391 150.5016 161.0337 155.8882 162.9987 155.7305 158.9695 148.8030 157.2660 164.6664 158.4608 165.9947 151.3971 166.1897 145.4951 142.8622 149.9824 162.5113 152.6862 154.1108 151.5318 145.2394 157.3839 147.2147 149.0929 175.2183 170.1861 164.8890 158.1407 166.1544 165.4355 152.0934 
Standard deviation on slope cm/km 
0.1000 
Standard deviation on height cm 
5.0000 
Standard deviation on width m 
5.0000 
