Logger locations, km downstream
0.000000	
279.757400	
630.724871	
900.320134	
979.217642	
1353.492547	
1598.558697	
1971.507891	
2428.605065	
3073.278669	
3263.412360	
3639.931594	
3971.566785	
4244.683636	
4563.735153	
4960.666284	
5444.408430	
5793.604542	
6098.619132	
6422.418943	
Time, Hours
1.000000	2.000000	3.000000	4.000000	5.000000	6.000000	7.000000	8.000000	9.000000	10.000000	11.000000	12.000000	13.000000	14.000000	15.000000	16.000000	17.000000	18.000000	19.000000	20.000000	21.000000	22.000000	23.000000	24.000000	25.000000	26.000000	27.000000	28.000000	29.000000	30.000000	31.000000	32.000000	33.000000	34.000000	35.000000	36.000000	37.000000	38.000000	39.000000	40.000000	41.000000	42.000000	43.000000	44.000000	45.000000	46.000000	47.000000	48.000000	49.000000	50.000000	51.000000	52.000000	53.000000	54.000000	55.000000	56.000000	57.000000	58.000000	59.000000	60.000000	61.000000	62.000000	63.000000	64.000000	65.000000	66.000000	67.000000	68.000000	69.000000	70.000000	71.000000	72.000000	73.000000	74.000000	75.000000	76.000000	77.000000	78.000000	79.000000	80.000000	81.000000	82.000000	83.000000	84.000000	85.000000	86.000000	87.000000	88.000000	89.000000	90.000000	91.000000	92.000000	93.000000	94.000000	95.000000	96.000000	97.000000	98.000000	99.000000	100.000000	101.000000	102.000000	103.000000	104.000000	105.000000	106.000000	107.000000	108.000000	109.000000	110.000000	111.000000	112.000000	113.000000	114.000000	115.000000	116.000000	117.000000	118.000000	119.000000	120.000000	121.000000	122.000000	123.000000	124.000000	125.000000	126.000000	127.000000	128.000000	129.000000	130.000000	131.000000	132.000000	133.000000	134.000000	135.000000	136.000000	137.000000	138.000000	139.000000	140.000000	141.000000	142.000000	143.000000	144.000000	145.000000	146.000000	147.000000	148.000000	149.000000	150.000000	151.000000	152.000000	153.000000	154.000000	155.000000	156.000000	157.000000	158.000000	159.000000	160.000000	161.000000	162.000000	163.000000	164.000000	165.000000	166.000000	167.000000	168.000000	169.000000	170.000000	171.000000	172.000000	173.000000	174.000000	175.000000	176.000000	177.000000	178.000000	179.000000	180.000000	181.000000	182.000000	183.000000	184.000000	185.000000	186.000000	187.000000	188.000000	189.000000	190.000000	191.000000	192.000000	193.000000	194.000000	195.000000	196.000000	197.000000	198.000000	199.000000	200.000000	201.000000	202.000000	203.000000	204.000000	205.000000	206.000000	207.000000	208.000000	209.000000	210.000000	211.000000	212.000000	213.000000	214.000000	215.000000	216.000000	217.000000	218.000000	219.000000	220.000000	221.000000	222.000000	223.000000	224.000000	225.000000	226.000000	227.000000	228.000000	229.000000	230.000000	231.000000	232.000000	233.000000	234.000000	235.000000	236.000000	237.000000	238.000000	239.000000	240.000000	241.000000	242.000000	243.000000	244.000000	245.000000	246.000000	247.000000	248.000000	249.000000	250.000000	251.000000	252.000000	253.000000	254.000000	255.000000	256.000000	257.000000	258.000000	259.000000	260.000000	261.000000	262.000000	263.000000	264.000000	265.000000	266.000000	267.000000	268.000000	269.000000	270.000000	271.000000	272.000000	273.000000	274.000000	275.000000	276.000000	277.000000	278.000000	279.000000	280.000000	281.000000	282.000000	283.000000	284.000000	285.000000	286.000000	287.000000	288.000000	289.000000	290.000000	291.000000	292.000000	293.000000	294.000000	295.000000	296.000000	297.000000	298.000000	299.000000	300.000000	
Logger WSE, meters
223.539973	223.540742	223.543358	223.543896	223.544742	223.543127	223.540742	223.539204	223.537896	223.537435	223.535512	223.532358	223.529819	223.527589	223.525204	223.524127	223.523204	223.521973	223.520127	223.520127	223.518358	223.516742	223.513358	223.511589	223.511973	223.515127	223.520666	223.532435	223.547358	223.555435	223.556589	223.558512	223.565819	223.575742	223.590666	223.629204	223.732819	223.817666	223.842742	223.847281	223.870281	223.907666	223.911896	223.895358	223.896973	223.913742	223.917204	223.940127	223.961050	223.953819	223.932512	223.915896	223.901435	223.882281	223.865589	223.852666	223.838666	223.825281	223.810742	223.797896	223.786973	223.775512	223.767666	223.759512	223.749973	223.742742	223.735435	223.728896	223.720204	223.708050	223.696127	223.687589	223.681204	223.676973	223.670666	223.671127	223.669127	223.668589	223.666742	223.665896	223.663742	223.658281	223.654127	223.652281	223.649127	223.649358	223.647512	223.645127	223.641973	223.639050	223.635435	223.632742	223.629050	223.622666	223.615742	223.612435	223.609204	223.608281	223.607589	223.605819	223.605435	223.603896	223.604666	223.604050	223.604896	223.605589	223.604127	223.602435	223.601358	223.599435	223.598819	223.597512	223.595973	223.592435	223.590281	223.590358	223.589050	223.590742	223.595589	223.601050	223.604358	223.604358	223.603127	223.601050	223.597435	223.595666	223.595589	223.594973	223.595666	223.595819	223.595281	223.595204	223.595742	223.598281	223.602819	223.611512	223.626973	223.639512	223.646512	223.649050	223.648973	223.649819	223.652973	223.655050	223.656050	223.656819	223.657973	223.657742	223.656435	223.654589	223.654973	223.657973	223.664742	223.671050	223.674589	223.676589	223.678435	223.681127	223.682127	223.683435	223.683512	223.682666	223.683281	223.683435	223.681204	223.677666	223.668896	223.667819	223.667896	223.665127	223.662666	223.667512	223.670204	223.671435	223.671819	223.673742	223.674127	223.675127	223.676589	223.677896	223.680050	223.681819	223.683973	223.684281	223.684281	223.683358	223.682204	223.681973	223.677589	223.673435	223.664742	223.663742	223.664896	223.662281	223.655281	223.653666	223.662896	223.665512	223.667435	223.669666	223.670666	223.670896	223.669666	223.670589	223.671281	223.671666	223.671512	223.671819	223.669204	223.665973	223.659896	223.653589	223.643973	223.634666	223.625819	223.617742	223.609512	223.604127	223.600050	223.598742	223.596358	223.595512	223.593896	223.591742	223.591127	223.589666	223.589666	223.589204	223.589819	223.590204	223.588819	223.588589	223.588589	223.586973	223.587589	223.586435	223.585512	223.582050	223.579742	223.578358	223.577281	223.577358	223.577358	223.579281	223.580589	223.581589	223.582204	223.584973	223.584589	223.582819	223.583512	223.583973	223.584127	223.584666	223.585742	223.588512	223.590435	223.590358	223.589050	223.588666	223.584742	223.578050	223.572589	223.572127	223.571973	223.571050	223.571742	223.571742	223.573281	223.576896	223.577358	223.576358	223.575050	223.575050	223.576666	223.578819	223.584896	223.592358	223.595589	223.594666	223.591435	223.589512	223.589589	223.596204	223.610742	223.624281	223.624666	223.628973	223.636204	223.636435	223.640204	223.642050	223.642666	223.641050	223.639358	223.641281	223.642204	223.642127	223.640358	
223.036814	223.038045	223.041353	223.041661	223.042276	223.039968	223.037122	223.035122	223.033353	223.032661	223.030045	223.026661	223.023891	223.020737	223.018122	223.017276	223.014968	223.013968	223.012353	223.012122	223.009891	223.007584	223.004661	223.002430	223.002353	223.005737	223.013353	223.025584	223.047891	223.060122	223.060122	223.061122	223.069584	223.081122	223.098814	223.151199	223.281122	223.393430	223.429814	223.437814	223.457353	223.501430	223.504968	223.481045	223.476891	223.487891	223.489045	223.511968	223.535661	223.527968	223.505507	223.488430	223.469353	223.449968	223.433045	223.418276	223.403353	223.388814	223.373122	223.360737	223.346814	223.333276	223.323584	223.314276	223.303584	223.294276	223.286276	223.278814	223.268507	223.255891	223.243276	223.234507	223.227661	223.222276	223.215276	223.214122	223.212353	223.209968	223.208584	223.206584	223.202814	223.197353	223.192276	223.189968	223.187045	223.186122	223.183584	223.180045	223.176199	223.172584	223.168045	223.165584	223.160045	223.153891	223.146045	223.142276	223.138584	223.137891	223.137430	223.136584	223.133891	223.131430	223.131737	223.130199	223.130584	223.131968	223.132122	223.129276	223.127507	223.125814	223.124507	223.122737	223.120737	223.118814	223.115737	223.114430	223.112661	223.113430	223.119199	223.126737	223.132814	223.134430	223.132276	223.128353	223.123584	223.120891	223.120584	223.118814	223.119276	223.119891	223.118430	223.118584	223.119584	223.121891	223.125507	223.135353	223.154737	223.171430	223.179122	223.182353	223.183199	223.184276	223.186968	223.190199	223.191891	223.192891	223.193353	223.193122	223.192276	223.189507	223.188968	223.191737	223.198968	223.206891	223.212276	223.214968	223.217507	223.219737	223.220737	223.221814	223.220968	223.220584	223.219814	223.219507	223.217045	223.213737	223.204507	223.203661	223.203968	223.202814	223.200122	223.203814	223.207430	223.208891	223.208584	223.210045	223.210891	223.212353	223.212661	223.213968	223.216353	223.217430	223.219353	223.219199	223.218968	223.218045	223.217122	223.216430	223.211353	223.206276	223.197814	223.197737	223.199122	223.197430	223.190891	223.188584	223.197353	223.200891	223.203276	223.204584	223.205353	223.206045	223.205276	223.204814	223.205276	223.206045	223.206199	223.206045	223.205045	223.201814	223.193891	223.185968	223.174968	223.164737	223.153122	223.143661	223.135199	223.128430	223.123661	223.121199	223.119507	223.117276	223.115891	223.114430	223.112661	223.111891	223.110968	223.110507	223.111353	223.111507	223.110814	223.110353	223.110122	223.109891	223.108661	223.108661	223.106814	223.103584	223.101276	223.100353	223.099045	223.098891	223.098430	223.101276	223.103737	223.104045	223.105122	223.107199	223.106353	223.105737	223.105276	223.105045	223.105968	223.108045	223.109584	223.111430	223.113353	223.113968	223.111507	223.111353	223.107891	223.099584	223.094584	223.095045	223.095122	223.094891	223.095814	223.095353	223.096430	223.099353	223.100045	223.098584	223.098661	223.097968	223.098430	223.102430	223.108276	223.119661	223.126353	223.123814	223.120353	223.116814	223.116661	223.123737	223.143814	223.164507	223.163737	223.167122	223.175045	223.174814	223.179045	223.182276	223.182199	223.180584	223.178891	223.178968	223.179891	223.181430	223.179199	
222.623357	222.623203	222.626280	222.625665	222.626973	222.625588	222.623665	222.622127	222.620819	222.621050	222.620511	222.616665	222.614357	222.611896	222.610434	222.609588	222.608665	222.607896	222.608357	222.608357	222.606127	222.604050	222.601127	222.598896	222.598819	222.601050	222.605203	222.613742	222.627973	222.637896	222.638127	222.638896	222.643896	222.652203	222.666896	222.709819	222.858896	223.000280	223.033665	223.046050	223.068588	223.121203	223.121511	223.086973	223.076588	223.088973	223.089896	223.109819	223.138819	223.128357	223.102203	223.080511	223.059127	223.035819	223.016127	222.999280	222.983203	222.967280	222.950434	222.935280	222.920434	222.905742	222.894665	222.883050	222.870973	222.860511	222.850896	222.841357	222.830819	222.816127	222.801203	222.791280	222.783511	222.777665	222.771127	222.770203	222.768665	222.766280	222.763973	222.761973	222.758665	222.753434	222.747665	222.746050	222.743588	222.742434	222.738973	222.735434	222.732050	222.728203	222.723665	222.721434	222.716127	222.710665	222.703973	222.699511	222.695357	222.695588	222.695127	222.694511	222.693665	222.690973	222.691973	222.690896	222.691280	222.691973	222.692357	222.689973	222.688665	222.687203	222.686357	222.684819	222.683973	222.681819	222.679665	222.677665	222.676588	222.677588	222.680588	222.686280	222.691511	222.694203	222.692511	222.690434	222.686588	222.684357	222.683357	222.682050	222.682511	222.682896	222.682588	222.682050	222.683973	222.686050	222.688280	222.696742	222.712665	222.727511	222.736127	222.740280	222.741357	222.740819	222.743973	222.746280	222.747742	222.749665	222.750127	222.750127	222.749050	222.746050	222.745280	222.748511	222.754357	222.762973	222.767896	222.771050	222.772896	222.775588	222.775896	222.776973	222.776127	222.774819	222.773819	222.773511	222.771511	222.767280	222.758050	222.755819	222.755203	222.752896	222.751588	222.756896	222.759357	222.761280	222.761665	222.763588	222.764203	222.765203	222.765280	222.767203	222.769357	222.770973	222.772665	222.772973	222.772742	222.772050	222.770665	222.769973	222.765127	222.760280	222.749973	222.748127	222.748280	222.745434	222.740050	222.739588	222.748588	222.752357	222.754742	222.757203	222.758203	222.758896	222.759050	222.758127	222.758819	222.759357	222.760896	222.760050	222.758127	222.753973	222.747665	222.740896	222.731511	222.721973	222.711511	222.701588	222.694050	222.687973	222.683665	222.682050	222.680434	222.678896	222.678434	222.676896	222.675203	222.673742	222.673511	222.673511	222.674819	222.674742	222.673819	222.672203	222.672896	222.672203	222.671896	222.672357	222.671665	222.668434	222.666819	222.663819	222.663203	222.662357	222.663511	222.665203	222.667203	222.667973	222.669050	222.671434	222.670973	222.669203	222.669665	222.670819	222.670819	222.671511	222.672819	222.675127	222.677050	222.678127	222.677050	222.676203	222.671588	222.664665	222.658280	222.657127	222.656973	222.657203	222.658357	222.658819	222.660588	222.663973	222.665357	222.663665	222.663742	222.662819	222.663280	222.665896	222.671742	222.680357	222.687973	222.684742	222.681973	222.678665	222.679665	222.683973	222.701742	222.721742	222.722819	222.725280	222.733434	222.732280	222.735127	222.738588	222.738742	222.736203	222.735203	222.736203	222.737588	222.736588	222.736203	
222.389008	222.388854	222.392162	222.392239	222.393546	222.392392	222.390700	222.389392	222.387392	222.387392	222.385700	222.383931	222.382315	222.379623	222.378162	222.377085	222.375700	222.375162	222.373546	222.373546	222.372469	222.370392	222.367469	222.365469	222.365623	222.367162	222.372931	222.383546	222.395469	222.413008	222.418546	222.417931	222.422700	222.429162	222.446392	222.484239	222.592700	222.702008	222.734239	222.755162	222.773546	222.817854	222.819315	222.785008	222.770931	222.784239	222.785162	222.802546	222.832931	222.821546	222.796315	222.777392	222.760623	222.736623	222.718315	222.701700	222.690700	222.675700	222.659315	222.650392	222.638546	222.628469	222.620854	222.610854	222.602008	222.592469	222.584700	222.581392	222.572469	222.560085	222.547700	222.540777	222.535777	222.532931	222.526392	222.526392	222.524623	222.523623	222.520623	222.521623	222.517162	222.513085	222.509162	222.507085	222.504623	222.504162	222.501392	222.497623	222.495854	222.493392	222.489546	222.487777	222.481315	222.477469	222.470085	222.466546	222.462623	222.464008	222.465623	222.463854	222.463008	222.461008	222.461085	222.460239	222.460623	222.461777	222.460315	222.459546	222.457085	222.455623	222.455008	222.454854	222.452854	222.451623	222.449008	222.447469	222.446392	222.447392	222.448777	222.454931	222.458931	222.462854	222.462546	222.462085	222.456854	222.455085	222.454315	222.453931	222.453008	222.453392	222.454239	222.453239	222.453777	222.454700	222.458315	222.463085	222.477854	222.489931	222.497392	222.501546	222.501469	222.500931	222.503392	222.505008	222.506700	222.507931	222.509546	222.507931	222.508700	222.506162	222.503777	222.506546	222.511008	222.517777	222.521546	222.522162	222.524700	222.526931	222.527239	222.528546	222.528162	222.526623	222.525623	222.525777	222.523085	222.519315	222.511700	222.510623	222.512085	222.508162	222.505931	222.510315	222.513469	222.514700	222.515777	222.517239	222.517623	222.517469	222.518469	222.520469	222.521700	222.523469	222.524700	222.523854	222.524315	222.523623	222.522700	222.521546	222.516239	222.512315	222.503623	222.502392	222.505623	222.505777	222.496469	222.494854	222.505700	222.508546	222.510239	222.511546	222.511854	222.513469	222.512931	222.513162	222.512700	222.514623	222.514546	222.513008	222.513162	222.510162	222.504546	222.497315	222.490239	222.483239	222.473469	222.467008	222.458777	222.453392	222.449777	222.447777	222.447469	222.445700	222.445239	222.443315	222.441085	222.440777	222.440777	222.441239	222.440931	222.440854	222.441777	222.441085	222.441315	222.441315	222.441469	222.441469	222.440315	222.436854	222.435239	222.433854	222.433008	222.433085	222.433085	222.435008	222.437008	222.437546	222.438162	222.441392	222.440546	222.439008	222.439239	222.439700	222.440854	222.441777	222.443546	222.444931	222.446623	222.448854	222.446392	222.444392	222.441162	222.434239	222.429469	222.429700	222.431854	222.430700	222.431162	222.432085	222.432469	222.436315	222.436315	222.435315	222.435854	222.434469	222.435162	222.438008	222.443854	222.450623	222.458239	222.456392	222.453854	222.452162	222.452239	222.458392	222.470623	222.489239	222.493777	222.495315	222.500931	222.502315	222.502392	222.503777	222.504623	222.502085	222.501315	222.501162	222.500931	222.502008	222.501392	
221.984310	221.984157	221.986310	221.986387	221.988849	221.988387	221.987157	221.985157	221.983157	221.982003	221.981234	221.979464	221.976464	221.973541	221.970926	221.970080	221.968234	221.967234	221.966541	221.966772	221.965695	221.962695	221.959541	221.957310	221.956310	221.958080	221.964080	221.977695	221.990080	222.004157	222.015464	222.016234	222.019849	222.027464	222.043080	222.091080	222.216849	222.362387	222.415157	222.431464	222.447080	222.497387	222.504157	222.467772	222.448618	222.458003	222.456387	222.470080	222.503234	222.498310	222.471926	222.448387	222.427464	222.404618	222.383541	222.364618	222.348772	222.332618	222.316003	222.300157	222.284849	222.270387	222.258618	222.247464	222.235157	222.224695	222.216464	222.207849	222.197080	222.184464	222.169772	222.160772	222.153695	222.147618	222.140157	222.140387	222.139310	222.137387	222.135310	222.133541	222.130926	222.125926	222.120618	222.117387	222.115387	222.114234	222.112157	222.108849	222.105926	222.102772	222.098926	222.096003	222.091157	222.085464	222.078310	222.074310	222.069695	222.069234	222.069234	222.069541	222.067772	222.065310	222.065849	222.063157	222.064464	222.064926	222.065541	222.064310	222.062541	222.060157	222.059772	222.058695	222.057157	222.055234	222.052849	222.050618	222.047003	222.047080	222.049387	222.054618	222.060926	222.065772	222.066387	222.063849	222.059080	222.056618	222.055157	222.054080	222.053618	222.053310	222.054157	222.052695	222.053926	222.056234	222.058695	222.063464	222.076387	222.093080	222.104464	222.109310	222.110618	222.110310	222.113234	222.114849	222.116772	222.118695	222.119157	222.118926	222.118541	222.116234	222.114310	222.116157	222.121310	222.128772	222.135310	222.138003	222.140080	222.143234	222.145157	222.145080	222.145157	222.145003	222.144234	222.144157	222.142618	222.138618	222.128926	222.127618	222.128849	222.126310	222.124310	222.128003	222.130926	222.133310	222.134387	222.136310	222.137387	222.138157	222.138464	222.139772	222.141234	222.142772	222.144234	222.145464	222.145464	222.145003	222.144310	222.143387	222.138772	222.134157	222.125003	222.123695	222.124695	222.123234	222.115541	222.114157	222.122926	222.126464	222.128387	222.130387	222.131849	222.132541	222.131772	222.132003	222.131080	222.132772	222.132003	222.132772	222.132464	222.128772	222.123157	222.116618	222.108849	222.099080	222.088849	222.079618	222.070695	222.063926	222.059618	222.056695	222.054541	222.053234	222.050926	222.050849	222.048157	222.046695	222.046926	222.046464	222.045695	222.047003	222.047003	222.046080	222.045387	222.044464	222.045080	222.044387	222.042772	222.039772	222.037234	222.035618	222.034310	222.034157	222.032772	222.034695	222.037618	222.038618	222.039003	222.040618	222.041157	222.040541	222.039387	222.039387	222.041464	222.041003	222.043003	222.044618	222.047234	222.047618	222.046541	222.045926	222.042234	222.035310	222.029849	222.028695	222.028080	222.028310	222.029003	222.028772	222.030080	222.033464	222.033926	222.032926	222.032772	222.032541	222.033003	222.035387	222.041003	222.049849	222.059080	222.056772	222.054234	222.052541	222.052387	222.057849	222.073310	222.091234	222.102003	222.102157	222.108695	222.106849	222.107618	222.109464	222.110541	222.108926	222.105849	222.105234	222.107310	222.107234	222.105926	
221.640690	221.640536	221.644305	221.645536	221.648305	221.647305	221.645382	221.642767	221.640690	221.638613	221.637382	221.634459	221.631920	221.629459	221.625920	221.622997	221.621151	221.620382	221.619459	221.619228	221.617920	221.615613	221.610613	221.608151	221.607613	221.610151	221.618382	221.632997	221.649228	221.666382	221.683228	221.685767	221.690997	221.699997	221.719997	221.777920	221.925382	222.087997	222.148613	222.166767	222.183074	222.233151	222.244536	222.206305	222.186459	222.193767	222.192613	222.206536	222.237151	222.235228	222.207920	222.184151	222.162536	222.137613	222.115613	222.096459	222.079459	222.062613	222.045767	222.028536	222.013228	221.997613	221.984228	221.970536	221.956151	221.944305	221.932382	221.922151	221.909767	221.894844	221.878767	221.867920	221.859690	221.852459	221.844074	221.842228	221.840459	221.838074	221.834613	221.831690	221.827690	221.821997	221.815767	221.811844	221.808690	221.807305	221.804536	221.800536	221.797151	221.792613	221.787844	221.783767	221.777536	221.771382	221.762844	221.757690	221.753305	221.753767	221.753536	221.751536	221.749536	221.746382	221.746228	221.743305	221.743459	221.745074	221.745228	221.743997	221.741305	221.739382	221.738074	221.736305	221.734536	221.731459	221.727920	221.725228	221.722767	221.721690	221.725382	221.731305	221.740228	221.747074	221.748844	221.744920	221.739228	221.734459	221.732305	221.730536	221.730767	221.729767	221.729459	221.729382	221.730613	221.732690	221.734690	221.739920	221.755382	221.776690	221.791997	221.798920	221.800228	221.800844	221.803305	221.805844	221.808228	221.810382	221.812459	221.811074	221.811613	221.808613	221.806690	221.807151	221.813228	221.822767	221.831151	221.834767	221.837997	221.841613	221.842844	221.842536	221.842382	221.841997	221.841690	221.840690	221.838690	221.835151	221.824305	221.823459	221.824690	221.822613	221.820844	221.825459	221.827228	221.829844	221.830459	221.832382	221.832767	221.833536	221.834767	221.835382	221.837074	221.839305	221.840767	221.841997	221.841767	221.841074	221.839690	221.837844	221.833228	221.827228	221.817382	221.816305	221.818690	221.817459	221.810690	221.808844	221.817151	221.820459	221.822844	221.824382	221.825382	221.826997	221.826228	221.824613	221.824844	221.826305	221.826459	221.826536	221.825305	221.822536	221.815997	221.808536	221.797767	221.785459	221.773151	221.760690	221.749920	221.742228	221.736997	221.732613	221.730074	221.728536	221.727151	221.724920	221.722767	221.720613	221.719459	221.720382	221.719613	221.719536	221.719536	221.719767	221.719767	221.718613	221.719459	221.719690	221.717382	221.714382	221.711382	221.709536	221.708228	221.707613	221.707613	221.709074	221.711997	221.713690	221.714305	221.716459	221.715536	221.714228	221.713997	221.713767	221.714690	221.714690	221.717382	221.718997	221.721844	221.722459	221.720459	221.720074	221.715690	221.708074	221.702382	221.701228	221.701305	221.700844	221.701997	221.703151	221.704228	221.707613	221.708074	221.706844	221.706459	221.706459	221.707151	221.709997	221.716536	221.726305	221.738997	221.737382	221.733228	221.732228	221.732767	221.739151	221.758305	221.781536	221.797844	221.797767	221.803844	221.802690	221.802536	221.804382	221.806151	221.804074	221.801690	221.800844	221.802228	221.802151	221.799920	
221.380468	221.379852	221.382468	221.384622	221.387083	221.386852	221.384929	221.382929	221.381391	221.379314	221.378083	221.375622	221.373083	221.371314	221.368237	221.366468	221.365314	221.363622	221.363160	221.363160	221.361622	221.358852	221.355699	221.352545	221.352237	221.354468	221.360237	221.372237	221.386237	221.400776	221.416006	221.418852	221.420852	221.428929	221.442929	221.490699	221.619237	221.771006	221.845699	221.867776	221.885468	221.935314	221.952083	221.925929	221.897776	221.902545	221.902314	221.913468	221.947314	221.945852	221.919237	221.891314	221.870160	221.844776	221.820006	221.799237	221.780622	221.764237	221.746468	221.730160	221.715314	221.699699	221.687006	221.675622	221.662622	221.651929	221.642083	221.633468	221.620622	221.606622	221.592391	221.582237	221.575391	221.567929	221.560699	221.560468	221.558699	221.557699	221.555622	221.552699	221.549622	221.543699	221.539314	221.537006	221.534314	221.532699	221.530622	221.527083	221.524622	221.520776	221.517391	221.513545	221.508468	221.503006	221.495160	221.490699	221.485852	221.486314	221.487006	221.486622	221.485314	221.482852	221.482929	221.480468	221.479699	221.482006	221.482852	221.479776	221.478006	221.477468	221.476391	221.474622	221.473314	221.470699	221.468545	221.466083	221.463852	221.462776	221.464852	221.469391	221.475929	221.482622	221.484852	221.482314	221.477545	221.473699	221.472929	221.471160	221.470929	221.470852	221.469852	221.470468	221.471237	221.472852	221.474160	221.478699	221.490929	221.508314	221.520852	221.525929	221.528622	221.528314	221.529852	221.532391	221.534083	221.536237	221.538314	221.537622	221.537237	221.535160	221.533006	221.533237	221.537699	221.545160	221.552622	221.556237	221.557852	221.561468	221.562699	221.563776	221.562237	221.562083	221.562237	221.561006	221.558545	221.555699	221.545545	221.543314	221.544776	221.542006	221.539776	221.544391	221.547545	221.549006	221.550776	221.552006	221.553083	221.553852	221.555083	221.555468	221.556929	221.558468	221.559237	221.561391	221.561160	221.559776	221.558852	221.557929	221.553083	221.548006	221.539314	221.537314	221.538545	221.537314	221.531006	221.528699	221.537699	221.541237	221.543391	221.545391	221.546622	221.547083	221.546314	221.546545	221.546083	221.548468	221.547468	221.546622	221.546545	221.544006	221.537929	221.531622	221.524545	221.514083	221.504083	221.494622	221.485237	221.478468	221.473699	221.469852	221.468622	221.467314	221.466391	221.464468	221.462237	221.461468	221.460545	221.460083	221.460699	221.460391	221.460622	221.460160	221.459929	221.459468	221.460083	221.459160	221.458006	221.455237	221.452468	221.451314	221.449314	221.449622	221.449391	221.450622	221.452622	221.453391	221.455160	221.458622	221.457545	221.456006	221.456468	221.456468	221.456852	221.457622	221.458468	221.461468	221.463391	221.464699	221.463622	221.462314	221.457929	221.450776	221.445776	221.444622	221.443776	221.443776	221.444699	221.445160	221.446929	221.451006	221.451468	221.450468	221.449391	221.448929	221.450545	221.452929	221.457622	221.465314	221.476391	221.475699	221.472006	221.470314	221.471083	221.475852	221.490160	221.507852	221.522083	221.523160	221.528776	221.528083	221.528622	221.530237	221.532006	221.529237	221.527776	221.526929	221.528083	221.528468	221.526929	
221.137998	221.136921	221.139536	221.140767	221.142536	221.142536	221.142229	221.139767	221.138229	221.137536	221.136306	221.133844	221.131075	221.128844	221.126229	221.124690	221.122844	221.121844	221.121383	221.121613	221.120767	221.117998	221.114844	221.111921	221.110690	221.112460	221.121460	221.137844	221.145152	221.154613	221.171460	221.174306	221.179998	221.186306	221.200460	221.259536	221.376998	221.535075	221.624229	221.655998	221.673229	221.719383	221.736998	221.700613	221.671998	221.669844	221.667998	221.676613	221.709536	221.713152	221.687229	221.658844	221.634460	221.608152	221.582229	221.560306	221.540767	221.522536	221.503152	221.485921	221.468306	221.452460	221.439075	221.425613	221.412152	221.400075	221.388844	221.378844	221.366690	221.352460	221.337536	221.327844	221.319844	221.313075	221.304921	221.303536	221.302690	221.300767	221.298690	221.296229	221.293152	221.288383	221.283767	221.280306	221.278306	221.276460	221.274152	221.272229	221.269075	221.265921	221.262075	221.259383	221.252921	221.248152	221.240767	221.235844	221.230998	221.231229	221.231460	221.231536	221.229536	221.227075	221.227613	221.223536	221.224383	221.225536	221.226383	221.224690	221.223152	221.220998	221.220383	221.219998	221.217536	221.215383	221.213229	221.210998	221.207613	221.206306	221.207229	221.211767	221.219460	221.226152	221.228383	221.226536	221.221998	221.217460	221.215536	221.213536	221.213306	221.213460	221.212460	221.212152	221.213152	221.214767	221.216767	221.219921	221.230767	221.247460	221.261613	221.268075	221.270536	221.271152	221.272690	221.274536	221.277152	221.279306	221.280921	221.280460	221.279844	221.278460	221.276998	221.276767	221.279844	221.287536	221.295460	221.299306	221.301152	221.304306	221.306229	221.307306	221.306921	221.306998	221.306921	221.305921	221.302998	221.299921	221.290921	221.289383	221.290383	221.288536	221.285844	221.289536	221.292229	221.294844	221.295460	221.297152	221.297767	221.298536	221.299075	221.300152	221.301383	221.303152	221.304844	221.305383	221.305613	221.304690	221.304229	221.302613	221.297306	221.292690	221.284229	221.283152	221.284152	221.282921	221.275460	221.273844	221.282152	221.285460	221.287844	221.289383	221.290383	221.291767	221.292152	221.290767	221.290767	221.292229	221.292383	221.292460	221.291229	221.289383	221.284690	221.279075	221.270613	221.260844	221.251075	221.241613	221.232460	221.224998	221.219998	221.216613	221.215383	221.213383	221.211075	221.209075	221.207844	221.206152	221.204536	221.204536	221.205383	221.205075	221.204383	221.205075	221.204844	221.204383	221.204075	221.203613	221.202690	221.199921	221.196921	221.195306	221.193998	221.193152	221.192921	221.193921	221.195921	221.197844	221.198229	221.200767	221.200613	221.198613	221.198844	221.198613	221.199536	221.199767	221.202921	221.203383	221.206229	221.207998	221.205767	221.206075	221.201921	221.194767	221.190229	221.189998	221.189383	221.188921	221.188690	221.189613	221.190690	221.193613	221.194306	221.193306	221.192690	221.193152	221.193844	221.195536	221.201613	221.212075	221.220844	221.220613	221.216229	221.215690	221.215306	221.224921	221.238998	221.251844	221.265613	221.267613	221.273690	221.273460	221.273075	221.273767	221.275075	221.273460	221.271075	221.269075	221.270690	221.270844	221.270229	
220.879395	220.878318	220.881395	220.882857	220.886472	220.886933	220.885933	220.883933	220.880780	220.877780	220.875395	220.874087	220.870857	220.867933	220.863472	220.860549	220.858010	220.856318	220.855164	220.855857	220.855241	220.852010	220.848626	220.846164	220.844933	220.847626	220.859857	220.886857	220.899703	220.910318	220.930857	220.942472	220.950933	220.959472	220.978318	221.060703	221.206087	221.385087	221.493703	221.535164	221.554010	221.597164	221.614318	221.580703	221.548395	221.542087	221.539318	221.545395	221.577626	221.584241	221.560857	221.531087	221.504626	221.475549	221.448241	221.423549	221.401857	221.381857	221.360626	221.339933	221.320010	221.301626	221.285010	221.268549	221.251857	221.236549	221.223010	221.210241	221.195780	221.179241	221.162010	221.150703	221.140857	221.132933	221.123626	221.121318	221.118164	221.114395	221.109780	221.105472	221.101010	221.094626	221.087241	221.083087	221.079010	221.076933	221.073241	221.069933	221.065857	221.061087	221.055857	221.051549	221.043472	221.037087	221.029472	221.024318	221.020395	221.019472	221.019933	221.019549	221.016857	221.013472	221.011933	221.007857	221.006164	221.007549	221.007241	221.006010	221.003780	221.000703	220.998472	220.997626	220.994703	220.992087	220.989241	220.985395	220.981087	220.979318	220.980472	220.985703	220.995703	221.006780	221.012933	221.010395	221.004472	220.998318	220.993626	220.992318	220.990241	220.989241	220.988472	220.987472	220.987780	220.989164	220.992549	220.994549	221.005395	221.025318	221.046626	221.059549	221.064780	221.065164	221.067626	221.069703	221.074164	221.077241	221.079318	221.079087	221.077549	221.075010	221.072626	221.071472	221.073395	221.082241	221.092933	221.098857	221.101857	221.106395	221.108087	221.107549	221.107395	221.106087	221.104164	221.102703	221.099780	221.096010	221.086549	221.084780	221.087626	221.086472	221.085395	221.089087	221.091549	221.092780	221.092472	221.093241	221.093626	221.094395	221.094472	221.095318	221.096549	221.098549	221.099780	221.100780	221.100780	221.099395	221.098241	221.096626	221.091318	221.084395	221.075010	221.075395	221.077472	221.077395	221.072010	221.069933	221.077549	221.080395	221.082549	221.082933	221.084164	221.085318	221.084857	221.084087	221.083857	221.085395	221.086164	221.085549	221.084780	221.083164	221.078241	221.071472	221.061626	221.049087	221.036087	221.024318	221.011933	221.003318	220.995780	220.990549	220.988626	220.985472	220.982933	220.979395	220.978549	220.976164	220.974318	220.973857	220.974010	220.973472	220.974164	220.974164	220.973933	220.973010	220.972933	220.972703	220.971318	220.968780	220.967164	220.965318	220.963780	220.962472	220.963395	220.964164	220.967549	220.968780	220.971010	220.974241	220.972703	220.971164	220.970010	220.969087	220.970164	220.970703	220.973164	220.974549	220.977395	220.979164	220.976703	220.975626	220.970780	220.963395	220.959549	220.959318	220.959626	220.959626	220.961703	220.963087	220.963933	220.967087	220.967780	220.966318	220.965703	220.965472	220.965703	220.968780	220.975780	220.987626	220.999164	221.004010	220.999164	220.998395	220.998472	221.012241	221.031395	221.049087	221.070472	221.077549	221.083164	221.083395	221.082780	221.081857	221.083857	221.082472	221.079857	221.076472	221.076703	221.076857	221.074395	
220.856253	220.855868	220.858945	220.860176	220.862868	220.862868	220.863253	220.861022	220.858560	220.856022	220.853176	220.851637	220.848868	220.846637	220.843099	220.841330	220.838330	220.838483	220.836637	220.837099	220.836253	220.834176	220.832637	220.831791	220.831022	220.834176	220.848022	220.868791	220.880714	220.889945	220.904714	220.916791	220.927560	220.934945	220.950560	221.019791	221.143253	221.301714	221.402945	221.445791	221.464637	221.500176	221.518253	221.487868	221.456483	221.446253	221.443483	221.446099	221.470945	221.480330	221.461560	221.435022	221.410406	221.384560	221.360945	221.338099	221.319022	221.300560	221.282560	221.264868	221.247714	221.230714	221.216406	221.202483	221.187176	221.174176	221.162483	221.151560	221.137560	221.123099	221.107714	221.098483	221.091406	221.085560	221.076945	221.075099	221.071945	221.068406	221.064483	221.060637	221.055022	221.050022	221.043560	221.039637	221.035791	221.033714	221.031176	221.027176	221.024945	221.019945	221.015406	221.010637	221.003945	220.997791	220.991560	220.988714	220.985253	220.985253	220.987099	220.986253	220.983099	220.979945	220.978868	220.974099	220.973099	220.973330	220.974406	220.972483	220.969791	220.967868	220.966330	220.964560	220.962791	220.960637	220.958253	220.954868	220.951022	220.947406	220.948099	220.951945	220.960560	220.971406	220.978483	220.979176	220.973483	220.968253	220.962406	220.960868	220.960176	220.957560	220.957022	220.956714	220.955406	220.957022	220.958330	220.960560	220.967945	220.983253	221.002945	221.017022	221.022714	221.023791	221.025560	221.027406	221.030714	221.033560	221.036560	221.036560	221.034099	221.031791	221.029176	221.025945	221.026714	221.032099	221.040714	221.046176	221.048483	221.051406	221.052868	221.050945	221.049406	221.046714	221.044099	221.041714	221.036714	221.032483	221.024637	221.025637	221.031714	221.034483	221.034791	221.037791	221.037483	221.035714	221.033791	221.032483	221.031253	221.031330	221.030945	221.032253	221.032330	221.033868	221.035099	221.034714	221.033560	221.031483	221.028945	221.026176	221.020406	221.014637	221.006868	221.009253	221.015791	221.019868	221.016791	221.014483	221.019560	221.020099	221.019945	221.019406	221.019022	221.020176	221.020791	221.020791	221.021099	221.024176	221.024253	221.023868	221.023099	221.021714	221.018868	221.012791	221.004791	220.994791	220.984330	220.974637	220.965945	220.959176	220.953022	220.948253	220.946791	220.945022	220.943637	220.940791	220.937868	220.936868	220.935253	220.935253	220.935868	220.936483	220.936253	220.937176	220.937406	220.938099	220.938483	220.939176	220.938714	220.936868	220.935483	220.935022	220.933714	220.934022	220.934253	220.935714	220.937483	220.940099	220.941637	220.944868	220.943560	220.941560	220.942253	220.942022	220.941022	220.942022	220.943791	220.945637	220.948483	220.948868	220.946176	220.945330	220.940945	220.934945	220.932022	220.933176	220.934637	220.936253	220.938560	220.940637	220.940330	220.942560	220.942330	220.940637	220.940253	220.940022	220.940022	220.943330	220.950791	220.961022	220.969791	220.975330	220.973022	220.972253	220.973483	220.987253	221.004099	221.017637	221.035330	221.045637	221.051022	221.052176	221.051560	221.049714	221.050330	221.049406	221.047253	221.043637	221.043406	221.042868	221.042253	
220.833176	220.832330	220.834253	220.835483	220.838637	220.839560	220.839483	220.838406	220.835714	220.833637	220.831714	220.829714	220.826945	220.824483	220.821637	220.819637	220.817330	220.815868	220.814945	220.815637	220.814330	220.812483	220.809791	220.806868	220.805637	220.808560	220.819637	220.840637	220.853483	220.862714	220.877022	220.889791	220.898714	220.907253	220.921022	220.987022	221.107714	221.260406	221.357714	221.402406	221.420330	221.454714	221.472330	221.441945	221.410791	221.400330	221.397099	221.399714	221.423868	221.434176	221.414945	221.388868	221.364253	221.338406	221.315483	221.292637	221.274483	221.256483	221.239176	221.222406	221.205714	221.189637	221.176483	221.162560	221.148637	221.136791	221.125330	221.115330	221.102483	221.088253	221.072637	221.063406	221.055868	221.048406	221.040022	221.037714	221.035945	221.033330	221.030330	221.027176	221.022022	221.017253	221.011483	221.007560	221.004406	221.003253	220.999560	220.996022	220.993791	220.989714	220.985868	220.981560	220.975560	220.968022	220.960868	220.956868	220.952714	220.952253	220.952714	220.952791	220.951022	220.948330	220.946791	220.943176	220.941945	220.941945	220.942791	220.942253	220.938868	220.937176	220.935176	220.934099	220.932791	220.930406	220.926406	220.923483	220.919637	220.916253	220.916022	220.919406	220.927330	220.937253	220.945022	220.945253	220.940253	220.935253	220.931253	220.928099	220.927637	220.925714	220.924714	220.924406	220.924483	220.925406	220.927868	220.930330	220.936099	220.951406	220.970637	220.984483	220.990637	220.991945	220.993714	220.994637	220.997714	221.001253	221.003791	221.004022	221.003176	221.000868	220.999637	220.998022	220.998560	221.004637	221.013253	221.018714	221.023330	221.027406	221.029560	221.030406	221.029560	221.028714	221.027483	221.026022	221.023099	221.020022	221.010330	221.008791	221.010714	221.010022	221.008714	221.012637	221.014868	221.016099	221.016022	221.017022	221.018099	221.019099	221.018253	221.019560	221.020330	221.023022	221.023099	221.024099	221.025253	221.024560	221.023176	221.021099	221.016945	221.010714	221.001560	221.000945	221.002868	221.002330	220.996714	220.994868	221.003406	221.006253	221.008176	221.008099	221.009560	221.010253	221.010637	221.010406	221.009791	221.011714	221.012253	221.011176	221.010868	221.009022	221.005483	221.000791	220.992791	220.982791	220.970945	220.960791	220.949791	220.941176	220.934330	220.929330	220.927637	220.924253	220.923330	220.920483	220.918253	220.916330	220.914253	220.913560	220.914176	220.913868	220.913868	220.913406	220.913868	220.913868	220.913791	220.912868	220.912176	220.909868	220.907099	220.905714	220.903945	220.904022	220.903791	220.904560	220.906791	220.909868	220.911176	220.913253	220.912868	220.910868	220.911099	220.910637	220.911022	220.911099	220.912406	220.915176	220.917330	220.918637	220.916868	220.915560	220.911868	220.904483	220.900868	220.900637	220.900714	220.900945	220.902099	220.903714	220.904560	220.907714	220.907253	220.906483	220.906099	220.905176	220.906330	220.908483	220.915945	220.925945	220.934253	220.940253	220.937714	220.936483	220.937022	220.949868	220.966483	220.979099	220.996099	221.004791	221.010406	221.011099	221.011176	221.008176	221.009714	221.008791	221.006868	221.004637	221.003945	221.004330	221.003945	
220.816560	220.815022	220.816483	220.816791	220.819022	220.821330	220.821714	220.821560	220.820022	220.820022	220.819022	220.816560	220.815868	220.814099	220.812868	220.811099	220.809945	220.808945	220.807560	220.807791	220.807406	220.806022	220.804714	220.802483	220.801945	220.804176	220.810637	220.820560	220.833176	220.841253	220.846791	220.854253	220.860637	220.865253	220.875099	220.924253	221.059022	221.200868	221.241099	221.270868	221.265483	221.294791	221.312637	221.280791	221.253176	221.243176	221.238560	221.237022	221.257253	221.267330	221.250868	221.224330	221.199022	221.175483	221.150483	221.128330	221.110176	221.092637	221.074868	221.058560	221.041406	221.026483	221.012868	221.000560	220.985253	220.972253	220.960791	220.949868	220.937022	220.923022	220.907406	220.898176	220.890406	220.883176	220.875714	220.874791	220.873253	220.871330	220.869945	220.867253	220.862560	220.858714	220.854330	220.851330	220.847945	220.846791	220.844483	220.842560	220.839868	220.838330	220.834022	220.831791	220.826483	220.821253	220.814791	220.810330	220.806868	220.807099	220.807791	220.808099	220.808176	220.805945	220.806253	220.803099	220.801637	220.801868	220.803176	220.802637	220.801099	220.800099	220.799945	220.798637	220.797791	220.797253	220.795330	220.794253	220.790637	220.787483	220.786099	220.785560	220.788868	220.795099	220.802176	220.805868	220.803176	220.801406	220.797868	220.795868	220.795330	220.794637	220.794560	220.793099	220.793637	220.793637	220.794945	220.795791	220.799022	220.805099	220.817637	220.828483	220.833714	220.836176	220.837714	220.838406	220.839868	220.843406	220.845714	220.847099	220.846022	220.845330	220.843406	220.842253	220.842099	220.844483	220.851945	220.856714	220.861099	220.865406	220.868483	220.868176	220.867560	220.867406	220.867330	220.866330	220.864330	220.859868	220.849945	220.848406	220.849406	220.849406	220.847637	220.852253	220.855406	220.856637	220.856560	220.857099	220.858176	220.859406	220.859483	220.860099	220.860868	220.861945	220.863637	220.864868	220.865099	220.864637	220.864176	220.863253	220.858176	220.853791	220.844176	220.843791	220.845253	220.844022	220.838406	220.836560	220.845099	220.847945	220.850330	220.850253	220.851022	220.851945	220.852560	220.852099	220.851022	220.852253	220.853945	220.853099	220.852099	220.852330	220.849483	220.846637	220.840714	220.833253	220.825099	220.817945	220.809483	220.803406	220.798406	220.795945	220.793560	220.792022	220.791560	220.790945	220.789022	220.787560	220.786637	220.787099	220.785868	220.785330	220.786253	220.785330	220.786483	220.785791	220.785483	220.785714	220.784791	220.783176	220.780637	220.779483	220.778176	220.778253	220.778483	220.779483	220.780791	220.781791	220.784022	220.786330	220.785253	220.784406	220.785330	220.784868	220.785714	220.786022	220.787330	220.788483	220.790868	220.791945	220.791099	220.790022	220.785868	220.779176	220.775560	220.775560	220.776099	220.775637	220.776791	220.777483	220.779714	220.782406	220.782637	220.781868	220.780560	220.780330	220.781022	220.783176	220.788330	220.793022	220.799945	220.803406	220.803637	220.802868	220.804330	220.812560	220.826637	220.837868	220.851637	220.859176	220.864099	220.861099	220.861176	220.857483	220.857406	220.856022	220.855714	220.853022	220.852099	220.852714	220.852330	
220.753099	220.752022	220.753483	220.754022	220.756253	220.757176	220.758022	220.757637	220.757253	220.757253	220.755791	220.753791	220.752868	220.752022	220.750099	220.749714	220.748560	220.747330	220.746637	220.746868	220.746714	220.744868	220.742637	220.741560	220.740330	220.743253	220.748330	220.756406	220.765791	220.772483	220.776868	220.785022	220.790253	220.793714	220.801022	220.836330	220.921022	221.022253	221.092099	221.127560	221.147099	221.174330	221.186868	221.160176	221.132253	221.119253	221.115099	221.112637	221.127791	221.138099	221.125791	221.105945	221.084791	221.065868	221.048714	221.030253	221.016253	221.003099	220.989714	220.978253	220.966406	220.955637	220.946868	220.937791	220.927560	220.919176	220.911637	220.904637	220.895022	220.883099	220.871176	220.864945	220.859945	220.855714	220.849637	220.849868	220.849714	220.849406	220.847560	220.846022	220.842945	220.838637	220.834253	220.832637	220.829714	220.829022	220.826945	220.825253	220.824406	220.822176	220.819945	220.817945	220.813099	220.808560	220.801868	220.798330	220.795791	220.796022	220.798099	220.798176	220.798714	220.797406	220.797253	220.795714	220.794253	220.794483	220.795330	220.795714	220.794406	220.793637	220.793483	220.792176	220.791791	220.789637	220.789560	220.788253	220.786022	220.782637	220.781253	220.781176	220.784022	220.788637	220.795253	220.798483	220.796945	220.794483	220.793483	220.791483	220.791714	220.790945	220.789714	220.789637	220.789945	220.790176	220.791022	220.792330	220.794637	220.798868	220.806791	220.815791	220.820560	220.822099	220.822483	220.823176	220.825791	220.828176	220.830714	220.830945	220.830791	220.830099	220.828868	220.827483	220.827099	220.827637	220.833714	220.838253	220.841253	220.844868	220.846791	220.847868	220.847714	220.847099	220.846099	220.845099	220.843099	220.839330	220.829637	220.828791	220.830483	220.829099	220.828483	220.833560	220.835791	220.837253	220.836714	220.837714	220.838560	220.839099	220.838945	220.839330	220.839868	220.841176	220.842406	220.842945	220.843868	220.842945	220.842483	220.842022	220.837406	220.832330	220.823406	220.823253	220.825868	220.824406	220.819714	220.818791	220.826637	220.829483	220.830945	220.831099	220.831637	220.832330	220.833022	220.832483	220.831406	220.832406	220.832945	220.832791	220.833406	220.831791	220.829406	220.827253	220.823637	220.817330	220.810791	220.804560	220.798176	220.793714	220.789406	220.787406	220.786176	220.784868	220.784868	220.783637	220.782560	220.781099	220.781099	220.780406	220.780791	220.780945	220.781406	220.780945	220.780483	220.781637	220.780176	220.780868	220.780176	220.778099	220.776483	220.775791	220.774483	220.775022	220.774791	220.776714	220.778022	220.778560	220.780791	220.783791	220.783176	220.782560	220.782560	220.781637	220.782714	220.783253	220.784560	220.786176	220.788560	220.789176	220.788560	220.787945	220.783099	220.776176	220.772330	220.773022	220.774022	220.774253	220.774945	220.776330	220.777868	220.780791	220.781714	220.780714	220.780330	220.779406	220.779868	220.781330	220.785791	220.789099	220.794406	220.797406	220.797868	220.797099	220.798560	220.805637	220.815330	220.822637	220.831791	220.839099	220.844022	220.843330	220.842945	220.841099	220.840099	220.839868	220.839330	220.838022	220.838022	220.838176	220.838483	
220.748945	220.747637	220.749099	220.748714	220.750945	220.752330	220.753176	220.752560	220.752637	220.751714	220.750022	220.749868	220.748022	220.747176	220.745945	220.745099	220.743945	220.742945	220.741791	220.742022	220.741176	220.740483	220.738714	220.736022	220.734791	220.737714	220.742330	220.749945	220.760714	220.767176	220.770406	220.777406	220.782406	220.787022	220.794099	220.828022	220.909483	221.008406	221.074791	221.109099	221.125637	221.150560	221.163560	221.140560	221.114714	221.101483	221.096406	221.094868	221.107022	221.117560	221.106868	221.087022	221.068406	221.049483	221.032330	221.015714	221.000560	220.988560	220.976330	220.965099	220.953483	220.943406	220.934637	220.926714	220.917406	220.909483	220.901945	220.894714	220.885560	220.874791	220.862176	220.855714	220.850253	220.845560	220.839714	220.840868	220.840714	220.840176	220.839253	220.837945	220.835330	220.831253	220.827330	220.824791	220.823253	220.822099	220.821176	220.819022	220.817945	220.815945	220.813253	220.811022	220.807330	220.802099	220.795868	220.792791	220.788406	220.788637	220.790483	220.790560	220.791099	220.790714	220.790330	220.787637	220.787791	220.788022	220.788176	220.788560	220.787945	220.787176	220.786330	220.785714	220.785791	220.783637	220.783560	220.782253	220.779560	220.776176	220.775253	220.773791	220.776176	220.780791	220.787406	220.790637	220.789330	220.786406	220.785868	220.784330	220.784099	220.783560	220.782560	220.782714	220.781868	220.783714	220.784560	220.785176	220.787483	220.791945	220.800330	220.808176	220.813868	220.814253	220.815560	220.816714	220.817945	220.820330	220.823560	220.824483	220.824099	220.823176	220.821945	220.820560	220.821560	220.821637	220.827483	220.831560	220.835714	220.838637	220.841253	220.842330	220.842637	220.842945	220.842176	220.841868	220.838714	220.835406	220.825022	220.824406	220.825176	220.823791	220.821791	220.826868	220.829330	220.831714	220.832330	220.833560	220.834176	220.834945	220.835253	220.835868	220.837560	220.837714	220.839637	220.840176	220.840868	220.840637	220.840406	220.839945	220.835099	220.830253	220.821330	220.820099	220.821483	220.820714	220.814637	220.812791	220.821560	220.824868	220.826791	220.827637	220.828406	220.829791	220.830637	220.829253	220.829330	220.830099	220.829714	220.831176	220.829253	220.828791	220.827099	220.824022	220.821099	220.814560	220.808253	220.801791	220.794714	220.789791	220.785483	220.782791	220.781330	220.780483	220.779791	220.778945	220.778637	220.777176	220.777406	220.776253	220.776637	220.776330	220.775637	220.776330	220.776099	220.776330	220.776483	220.775099	220.774176	220.773483	220.771637	220.770483	220.768945	220.769022	220.769253	220.768868	220.770868	220.772099	220.774099	220.777099	220.776022	220.775176	220.776099	220.775637	220.776253	220.775406	220.777406	220.779253	220.782330	220.782945	220.782791	220.781714	220.777330	220.771099	220.766560	220.766099	220.766637	220.765714	220.766406	220.766637	220.768176	220.771560	220.772483	220.772176	220.772253	220.770868	220.771099	220.773253	220.777022	220.780791	220.785176	220.788406	220.789330	220.788330	220.788868	220.795714	220.804945	220.812714	220.820483	220.828022	220.832945	220.832714	220.831868	220.829099	220.828791	220.828099	220.828253	220.826253	220.826483	220.827330	220.827406	
220.745483	220.743945	220.744714	220.745022	220.747022	220.747253	220.748560	220.748406	220.747330	220.747330	220.746560	220.745253	220.744099	220.743022	220.741099	220.740714	220.739330	220.737868	220.737406	220.737868	220.737483	220.735868	220.733406	220.732099	220.731099	220.733099	220.739099	220.746253	220.755637	220.762791	220.766022	220.772791	220.778022	220.781714	220.789253	220.822945	220.904176	220.999868	221.062560	221.094560	221.109022	221.133022	221.144176	221.122560	221.099483	221.086022	221.082560	221.080560	221.091330	221.101637	221.090945	221.072022	221.054099	221.036330	221.020560	221.004176	220.990176	220.978176	220.966637	220.956330	220.945637	220.935330	220.927714	220.919560	220.910253	220.902099	220.895022	220.888253	220.879330	220.868330	220.856406	220.849945	220.844483	220.840022	220.834176	220.834637	220.834945	220.835330	220.833945	220.832637	220.829791	220.826176	220.822253	220.819483	220.817483	220.817253	220.815176	220.813253	220.812176	220.810637	220.808868	220.805253	220.802022	220.796791	220.790791	220.787022	220.783099	220.784483	220.784945	220.785945	220.785791	220.784714	220.785253	220.784176	220.783176	220.782714	220.783330	220.783945	220.782868	220.782099	220.781945	220.781560	220.779791	220.779714	220.778253	220.776253	220.774022	220.771330	220.770176	220.769176	220.770637	220.776637	220.783483	220.786714	220.784945	220.782945	220.780791	220.780176	220.778560	220.778714	220.778406	220.778330	220.778406	220.778637	220.780176	220.780560	220.782868	220.787099	220.795483	220.804253	220.808099	220.811253	220.811637	220.812560	220.813099	220.816176	220.818022	220.818714	220.819714	220.818099	220.817330	220.816176	220.815791	220.817022	220.822868	220.827868	220.830176	220.834253	220.837099	220.837483	220.836868	220.837868	220.837099	220.836330	220.834099	220.830099	220.821099	220.818637	220.819868	220.818253	220.817176	220.821791	220.824253	220.826637	220.826560	220.827560	220.829330	220.830330	220.829945	220.830330	220.832022	220.833099	220.833637	220.834637	220.835560	220.834868	220.834406	220.833714	220.829099	220.824253	220.816022	220.813791	220.815945	220.814253	220.808176	220.807253	220.816483	220.819099	220.821945	220.822560	220.823330	220.824022	220.823714	220.823714	220.823791	220.824560	220.825099	220.825176	220.823945	220.823253	220.821330	220.818945	220.814637	220.808791	220.802022	220.796714	220.789637	220.784253	220.779945	220.777253	220.776253	220.775637	220.774714	220.774099	220.773099	220.772099	220.771176	220.771868	220.771099	220.770330	220.770560	220.771714	220.770791	220.770099	220.770714	220.770483	220.769791	220.768176	220.765868	220.765176	220.763637	220.763253	220.763945	220.764022	220.766022	220.767022	220.768560	220.772022	220.771868	220.770099	220.770791	220.770330	220.770714	220.770791	220.771868	220.774176	220.777483	220.778791	220.777253	220.777099	220.772253	220.766022	220.761714	220.761253	220.760868	220.760637	220.761099	220.762483	220.764483	220.767868	220.768099	220.767791	220.767406	220.767176	220.767406	220.769330	220.773791	220.776637	220.781945	220.784714	220.784483	220.783945	220.785176	220.791791	220.801253	220.808330	220.816330	220.823176	220.828099	220.827637	220.827253	220.826099	220.825330	220.824406	220.825022	220.823253	220.823714	220.823406	220.823253	
220.743176	220.741868	220.742406	220.743176	220.745176	220.746099	220.746253	220.746868	220.745945	220.745483	220.744483	220.743637	220.741791	220.740714	220.739253	220.738868	220.737483	220.735791	220.735099	220.734868	220.734714	220.733330	220.732253	220.729791	220.728560	220.730791	220.736330	220.743022	220.751483	220.757945	220.760945	220.767483	220.772714	220.775714	220.782099	220.810253	220.876714	220.948868	220.994945	221.021637	221.034483	221.052945	221.063637	221.046868	221.027945	221.016791	221.015176	221.013176	221.022791	221.029868	221.021483	221.005791	220.992714	220.979099	220.965868	220.953176	220.942176	220.933176	220.924637	220.915483	220.907099	220.899560	220.894253	220.887714	220.880714	220.875099	220.869406	220.864022	220.856945	220.847099	220.835868	220.830560	220.825560	220.821560	220.816176	220.817560	220.817637	220.817560	220.818253	220.817406	220.815022	220.812560	220.808406	220.807022	220.804791	220.805253	220.803176	220.801945	220.800406	220.799099	220.797560	220.795560	220.791176	220.786176	220.780637	220.776868	220.773868	220.774330	220.774791	220.775791	220.776099	220.775945	220.776714	220.773560	220.774176	220.773945	220.775022	220.776330	220.775253	220.774022	220.773406	220.773714	220.773560	220.771637	220.771560	220.770253	220.767791	220.764868	220.763022	220.761791	220.763483	220.768791	220.774483	220.777945	220.776868	220.774868	220.773176	220.772330	220.772560	220.772483	220.771483	220.771406	220.770791	220.771714	220.773022	220.774099	220.775483	220.779945	220.787176	220.794560	220.798406	220.799945	220.801253	220.801714	220.803868	220.805791	220.807406	220.807637	220.809099	220.807945	220.806253	220.806253	220.805637	220.806406	220.811791	220.815868	220.818868	220.822714	220.825560	220.825714	220.825791	220.826099	220.825791	220.825483	220.823253	220.819945	220.810483	220.808253	220.809022	220.807176	220.805406	220.810022	220.812253	220.814868	220.815253	220.816022	220.817560	220.818791	220.820022	220.819945	220.821176	220.822022	220.823483	220.824022	220.824253	220.824483	220.824253	220.824714	220.820099	220.814791	220.806791	220.804868	220.806483	220.804791	220.798945	220.796637	220.804945	220.808714	220.811099	220.811945	220.813176	220.814330	220.814483	220.813560	220.813560	220.814637	220.814945	220.815483	220.814253	220.812637	220.811868	220.809253	220.805637	220.799560	220.793945	220.788637	220.783176	220.777791	220.773483	220.771483	220.770022	220.769637	220.768945	220.768176	220.767099	220.766099	220.766330	220.765637	220.765330	220.765483	220.765253	220.766406	220.765714	220.765483	220.764945	220.764945	220.763099	220.762176	220.760099	220.759406	220.757868	220.757253	220.758176	220.758714	220.760022	220.760330	220.762099	220.765560	220.764253	220.763406	220.764330	220.764560	220.764253	220.765022	220.766099	220.767714	220.770330	220.771637	220.770791	220.770406	220.766945	220.759560	220.754791	220.754560	220.755099	220.753945	220.754176	220.755099	220.756868	220.759560	220.760714	220.760406	220.759330	220.758868	220.759330	220.761483	220.765483	220.768330	220.772483	220.775022	220.774791	220.774022	220.774791	220.780714	220.788791	220.795176	220.801791	220.807945	220.812868	220.811945	220.812022	220.810176	220.809868	220.810560	220.810022	220.809176	220.808714	220.810483	220.810791	
220.409507	220.407969	220.408276	220.408815	220.410122	220.411276	220.412353	220.412199	220.412046	220.410661	220.410353	220.409046	220.407430	220.406353	220.405353	220.403584	220.402661	220.401430	220.400738	220.400046	220.399892	220.398507	220.396969	220.394969	220.394430	220.397815	220.409122	220.418815	220.424738	220.431199	220.436276	220.443738	220.453122	220.457969	220.466199	220.509353	220.581122	220.638046	220.694276	220.720738	220.736122	220.758969	220.765276	220.747122	220.727046	220.710122	220.704353	220.701199	220.710353	220.719276	220.711122	220.694276	220.677046	220.660892	220.645584	220.629199	220.616584	220.604584	220.594661	220.583661	220.573892	220.564276	220.557353	220.549661	220.541507	220.533815	220.526969	220.520892	220.512199	220.501430	220.489738	220.484430	220.479430	220.474969	220.469122	220.470507	220.471276	220.471199	220.470507	220.469430	220.467276	220.463892	220.460199	220.457430	220.455430	220.455199	220.454276	220.451892	220.450815	220.450199	220.447507	220.445507	220.441815	220.437276	220.431738	220.427969	220.424046	220.425892	220.426815	220.426892	220.427661	220.427276	220.427815	220.426046	220.425046	220.424353	220.425892	220.426046	220.426353	220.424661	220.424738	220.423661	220.423507	220.422969	220.422199	220.419969	220.417507	220.415276	220.414122	220.412199	220.412969	220.417584	220.424199	220.427892	220.427507	220.425507	220.425199	220.423430	220.424353	220.423122	220.423046	220.423661	220.422584	220.423276	220.425046	220.424507	220.426584	220.429892	220.436430	220.443584	220.448815	220.450122	220.452584	220.451661	220.451507	220.454353	220.457353	220.458276	220.458584	220.457430	220.457353	220.455969	220.456046	220.456584	220.460122	220.463738	220.467199	220.470815	220.472738	220.473584	220.473661	220.474199	220.473430	220.472430	220.470661	220.465969	220.456507	220.455430	220.455969	220.453430	220.451661	220.457430	220.460353	220.462046	220.463353	220.464122	220.465199	220.465969	220.466738	220.466584	220.467353	220.468276	220.468584	220.469815	220.469815	220.469815	220.469584	220.469353	220.465430	220.460815	220.450738	220.449199	220.450892	220.449892	220.444276	220.443122	220.451661	220.455199	220.457815	220.458661	220.460122	220.460584	220.459584	220.458892	220.458430	220.458969	220.459815	220.459661	220.459122	220.458199	220.456738	220.455507	220.451661	220.446276	220.441122	220.435353	220.429199	220.424969	220.421353	220.418661	220.417199	220.416815	220.416815	220.415122	220.415199	220.414661	220.413507	220.413046	220.414122	220.414046	220.413353	220.413353	220.413584	220.413122	220.413276	220.412815	220.411892	220.410046	220.408892	220.407738	220.406199	220.406738	220.406046	220.406584	220.408122	220.409584	220.411584	220.413661	220.414199	220.412892	220.413584	220.413353	220.414046	220.414507	220.415122	220.417199	220.418892	220.420430	220.419122	220.418738	220.415046	220.408353	220.404507	220.404046	220.404353	220.402969	220.403661	220.403892	220.406122	220.409969	220.411122	220.410122	220.409969	220.409738	220.409507	220.411661	220.416815	220.420815	220.422430	220.424046	220.424738	220.424892	220.426122	220.434122	220.444276	220.447892	220.451969	220.458584	220.464661	220.465353	220.465199	220.463353	220.461892	220.461430	220.459969	220.459353	220.459122	220.459046	220.459815	
220.401353	220.399584	220.401276	220.401353	220.403122	220.404507	220.405353	220.405892	220.405969	220.405276	220.403815	220.401584	220.401584	220.399815	220.398353	220.396584	220.395430	220.394199	220.393276	220.393276	220.392661	220.390584	220.388122	220.386815	220.386276	220.390584	220.402122	220.410199	220.417046	220.423969	220.428122	220.435815	220.445199	220.448892	220.458276	220.501430	220.570661	220.624584	220.677353	220.700815	220.714815	220.736738	220.743046	220.725122	220.706430	220.690430	220.684661	220.681276	220.690661	220.700046	220.692353	220.674353	220.659199	220.643969	220.627738	220.613892	220.600353	220.589276	220.579122	220.569046	220.559507	220.550584	220.543892	220.536661	220.528738	220.522661	220.515815	220.510661	220.502430	220.490969	220.479276	220.473969	220.468969	220.464276	220.458430	220.459122	220.459661	220.460276	220.459122	220.458969	220.456353	220.453199	220.449969	220.448353	220.446815	220.446353	220.444738	220.444199	220.443584	220.440661	220.439122	220.438738	220.434584	220.429353	220.423353	220.419122	220.415430	220.416122	220.417046	220.418507	220.419276	220.417276	220.418969	220.416738	220.415276	220.415738	220.415892	220.416969	220.416122	220.414892	220.415661	220.414584	220.414199	220.414353	220.412199	220.410892	220.408661	220.405969	220.404815	220.403122	220.403199	220.408046	220.414661	220.419046	220.418199	220.416892	220.415661	220.414122	220.413661	220.412892	220.413046	220.412046	220.411892	220.412122	220.414122	220.414046	220.416584	220.419892	220.425738	220.433353	220.439046	220.441276	220.442815	220.443046	220.443584	220.444584	220.448276	220.449199	220.449738	220.449046	220.448046	220.448046	220.446969	220.447507	220.451738	220.455122	220.458122	220.462661	220.465276	220.466584	220.466430	220.467199	220.467122	220.467046	220.464353	220.460584	220.451584	220.449584	220.450122	220.447122	220.445815	220.450430	220.453584	220.455276	220.456122	220.457122	220.457738	220.459430	220.459738	220.460738	220.461969	220.463122	220.464584	220.465122	220.465815	220.466969	220.466046	220.466507	220.461892	220.457276	220.448122	220.446584	220.446892	220.444738	220.438661	220.437276	220.446276	220.448892	220.451276	220.452584	220.453815	220.454507	220.454199	220.453738	220.454199	220.455276	220.455815	220.456122	220.455122	220.454430	220.452507	220.451507	220.447661	220.442046	220.436199	220.430199	220.424046	220.419815	220.415738	220.412584	220.411584	220.410507	220.410046	220.409507	220.409122	220.408122	220.407199	220.406276	220.407122	220.407046	220.406122	220.405892	220.406584	220.405892	220.406276	220.405815	220.404892	220.403276	220.401199	220.399584	220.398046	220.397661	220.397661	220.398892	220.400199	220.400507	220.402276	220.405046	220.404661	220.403584	220.403584	220.403815	220.404430	220.404738	220.405815	220.406969	220.409584	220.410430	220.409815	220.409199	220.405276	220.398122	220.393815	220.393584	220.393430	220.392276	220.392507	220.393661	220.394738	220.398815	220.399046	220.399430	220.398122	220.397661	220.398122	220.399584	220.404969	220.408046	220.409661	220.412199	220.413122	220.412353	220.413584	220.422507	220.431738	220.436046	220.439661	220.447199	220.453276	220.454199	220.454046	220.452199	220.450738	220.449815	220.448353	220.447738	220.447046	220.447661	220.447507	
220.395815	220.394046	220.395276	220.394430	220.396892	220.398276	220.398430	220.398738	220.398353	220.397430	220.396892	220.396969	220.395815	220.394507	220.393507	220.391738	220.390584	220.388892	220.388430	220.388661	220.388046	220.385969	220.383046	220.381507	220.380276	220.384815	220.395661	220.405353	220.411738	220.417969	220.422122	220.430046	220.438276	220.442430	220.452507	220.494276	220.561661	220.608661	220.655892	220.676815	220.690122	220.709969	220.715815	220.699892	220.681507	220.667815	220.662507	220.660046	220.667815	220.676507	220.668815	220.653353	220.638199	220.623430	220.610199	220.595430	220.584430	220.573122	220.563892	220.554507	220.545661	220.537199	220.531199	220.524661	220.516969	220.511122	220.504507	220.499584	220.492046	220.481738	220.469584	220.463815	220.459276	220.454584	220.449661	220.450122	220.450661	220.451276	220.449892	220.449969	220.447122	220.444430	220.440276	220.438430	220.437353	220.437122	220.435738	220.434738	220.433892	220.432815	220.431046	220.429738	220.426276	220.421276	220.415507	220.411507	220.407815	220.407353	220.408507	220.409738	220.410276	220.410122	220.410199	220.408199	220.407199	220.407661	220.408507	220.408199	220.407815	220.406815	220.406892	220.406276	220.406815	220.405353	220.405046	220.403969	220.401507	220.398584	220.397199	220.395738	220.396738	220.400661	220.407276	220.411430	220.410122	220.408584	220.407122	220.406046	220.405969	220.405046	220.404507	220.404892	220.403815	220.404507	220.405815	220.405969	220.408046	220.412276	220.417661	220.426430	220.431892	220.433199	220.434507	220.433584	220.435046	220.436969	220.439276	220.442276	220.442584	220.440969	220.440661	220.440430	220.439353	220.440122	220.443661	220.448199	220.451430	220.455046	220.459046	220.459892	220.460661	220.461199	220.461122	220.461046	220.459046	220.456199	220.446738	220.444738	220.445046	220.442507	220.440276	220.445122	220.447815	220.450430	220.451738	220.452046	220.454046	220.453892	220.453738	220.454969	220.456199	220.458276	220.459507	220.461199	220.462815	220.463738	220.463969	220.464430	220.459353	220.454738	220.446046	220.443815	220.444584	220.441738	220.435430	220.433584	220.442353	220.446122	220.448046	220.449584	220.450122	220.451276	220.450969	220.450276	220.449815	220.451738	220.452815	220.453122	220.452815	220.452122	220.450661	220.448507	220.445122	220.439507	220.433661	220.427661	220.421276	220.416353	220.411815	220.409122	220.407430	220.406584	220.406584	220.404661	220.404046	220.404199	220.403046	220.402122	220.401815	220.401046	220.400815	220.400584	220.400584	220.400584	220.401199	220.399584	220.398892	220.396353	220.395430	220.393353	220.391815	220.390738	220.391430	220.391738	220.393046	220.394276	220.395584	220.398353	220.398430	220.396661	220.397122	220.397815	220.397738	220.397353	220.399122	220.400276	220.402892	220.404430	220.402430	220.402276	220.398122	220.391199	220.386430	220.385738	220.385584	220.384199	220.384430	220.384661	220.386199	220.389815	220.391199	220.389969	220.388892	220.389122	220.390276	220.391738	220.397122	220.399507	220.401584	220.402738	220.402276	220.402199	220.403430	220.412122	220.421815	220.425199	220.428584	220.435430	220.441276	220.441046	220.441738	220.439276	220.438276	220.437353	220.435430	220.435046	220.434815	220.434507	220.434815	
220.382661	220.381122	220.381661	220.381507	220.383969	220.384892	220.385969	220.386507	220.385892	220.384738	220.384199	220.382430	220.381046	220.379738	220.377815	220.376507	220.375815	220.374122	220.373199	220.373661	220.373276	220.371199	220.369661	220.367199	220.366892	220.370276	220.382046	220.391046	220.396969	220.403892	220.408507	220.416199	220.425122	220.429507	220.438199	220.478815	220.545969	220.592969	220.640892	220.662276	220.675353	220.694738	220.700353	220.685584	220.668353	220.654199	220.649122	220.646892	220.654199	220.661507	220.654738	220.640661	220.625969	220.611661	220.597969	220.583661	220.571969	220.562046	220.552122	220.543430	220.533892	220.525430	220.519661	220.513122	220.505430	220.498661	220.492969	220.487815	220.479815	220.469276	220.457122	220.452046	220.447276	220.443046	220.437892	220.439507	220.440046	220.439276	220.439507	220.439122	220.436276	220.433584	220.429661	220.428046	220.425353	220.426046	220.423969	220.422507	220.421661	220.419892	220.418122	220.417276	220.413584	220.408353	220.401661	220.398584	220.394661	220.394661	220.396507	220.397738	220.398738	220.398122	220.397738	220.396661	220.395430	220.395430	220.396507	220.396661	220.396276	220.395507	220.395353	220.395430	220.395507	220.393353	220.393276	220.391969	220.389276	220.386584	220.384969	220.383969	220.384276	220.389353	220.395738	220.399661	220.399046	220.397276	220.396507	220.394969	220.394430	220.393969	220.392969	220.393353	220.392969	220.393661	220.394738	220.396276	220.397430	220.400276	220.406815	220.413969	220.419199	220.421199	220.422276	220.422507	220.422584	220.425199	220.427276	220.428892	220.428969	220.427815	220.427507	220.426584	220.426199	220.425815	220.429584	220.433199	220.436430	220.440046	220.443122	220.443738	220.443815	220.444353	220.443122	220.443507	220.441276	220.437276	220.428046	220.425584	220.426353	220.425199	220.422738	220.427353	220.430507	220.432661	220.433046	220.434046	220.435122	220.437046	220.437353	220.437661	220.438661	220.439353	220.440584	220.441122	220.441584	220.441815	220.441353	220.440892	220.437661	220.433046	220.423199	220.421892	220.423353	220.421892	220.415815	220.413507	220.422738	220.425353	220.428199	220.429276	220.429584	220.430738	220.431122	220.430661	220.430199	220.431199	220.432046	220.432122	220.431122	220.429738	220.428738	220.427046	220.423430	220.417815	220.412430	220.407122	220.401661	220.396507	220.392430	220.390199	220.388046	220.388584	220.388815	220.386661	220.386276	220.386661	220.385507	220.384815	220.384969	220.384430	220.384430	220.384661	220.383738	220.384892	220.384815	220.384122	220.383430	220.380892	220.379507	220.378815	220.377738	220.378046	220.376892	220.377661	220.379199	220.381122	220.381738	220.384738	220.384815	220.384430	220.383507	220.384661	220.384353	220.384199	220.385969	220.387353	220.390199	220.392430	220.390430	220.390046	220.385892	220.379199	220.374892	220.374661	220.375199	220.374276	220.374969	220.374969	220.377199	220.380353	220.381507	220.380507	220.379199	220.379661	220.379892	220.381353	220.386507	220.390046	220.392122	220.394199	220.394661	220.393892	220.394892	220.403353	220.412353	220.416430	220.419815	220.426892	220.433199	220.433199	220.434122	220.431892	220.430661	220.429507	220.428507	220.427661	220.426738	220.428046	220.428353	
Loggers in each reach
Reach 1
1	2	3	4	5	
Reach 2
5	6	7	8	9	
Reach 3
9	10	11	12	13	
Reach 4
13	14	15	16	
Reach 5
17	18	19	20	
