Number of reaches
5
Reach midpoint distance downstream, m
558.004009	1666.276368	3275.358895	4435.162965	5939.762762	
Reach lengths, m
979.217642	1449.387423	1542.961720	989.099499	978.010513	
Number of overpasses
300
Time, Hours
1.000000	2.000000	3.000000	4.000000	5.000000	6.000000	7.000000	8.000000	9.000000	10.000000	11.000000	12.000000	13.000000	14.000000	15.000000	16.000000	17.000000	18.000000	19.000000	20.000000	21.000000	22.000000	23.000000	24.000000	25.000000	26.000000	27.000000	28.000000	29.000000	30.000000	31.000000	32.000000	33.000000	34.000000	35.000000	36.000000	37.000000	38.000000	39.000000	40.000000	41.000000	42.000000	43.000000	44.000000	45.000000	46.000000	47.000000	48.000000	49.000000	50.000000	51.000000	52.000000	53.000000	54.000000	55.000000	56.000000	57.000000	58.000000	59.000000	60.000000	61.000000	62.000000	63.000000	64.000000	65.000000	66.000000	67.000000	68.000000	69.000000	70.000000	71.000000	72.000000	73.000000	74.000000	75.000000	76.000000	77.000000	78.000000	79.000000	80.000000	81.000000	82.000000	83.000000	84.000000	85.000000	86.000000	87.000000	88.000000	89.000000	90.000000	91.000000	92.000000	93.000000	94.000000	95.000000	96.000000	97.000000	98.000000	99.000000	100.000000	101.000000	102.000000	103.000000	104.000000	105.000000	106.000000	107.000000	108.000000	109.000000	110.000000	111.000000	112.000000	113.000000	114.000000	115.000000	116.000000	117.000000	118.000000	119.000000	120.000000	121.000000	122.000000	123.000000	124.000000	125.000000	126.000000	127.000000	128.000000	129.000000	130.000000	131.000000	132.000000	133.000000	134.000000	135.000000	136.000000	137.000000	138.000000	139.000000	140.000000	141.000000	142.000000	143.000000	144.000000	145.000000	146.000000	147.000000	148.000000	149.000000	150.000000	151.000000	152.000000	153.000000	154.000000	155.000000	156.000000	157.000000	158.000000	159.000000	160.000000	161.000000	162.000000	163.000000	164.000000	165.000000	166.000000	167.000000	168.000000	169.000000	170.000000	171.000000	172.000000	173.000000	174.000000	175.000000	176.000000	177.000000	178.000000	179.000000	180.000000	181.000000	182.000000	183.000000	184.000000	185.000000	186.000000	187.000000	188.000000	189.000000	190.000000	191.000000	192.000000	193.000000	194.000000	195.000000	196.000000	197.000000	198.000000	199.000000	200.000000	201.000000	202.000000	203.000000	204.000000	205.000000	206.000000	207.000000	208.000000	209.000000	210.000000	211.000000	212.000000	213.000000	214.000000	215.000000	216.000000	217.000000	218.000000	219.000000	220.000000	221.000000	222.000000	223.000000	224.000000	225.000000	226.000000	227.000000	228.000000	229.000000	230.000000	231.000000	232.000000	233.000000	234.000000	235.000000	236.000000	237.000000	238.000000	239.000000	240.000000	241.000000	242.000000	243.000000	244.000000	245.000000	246.000000	247.000000	248.000000	249.000000	250.000000	251.000000	252.000000	253.000000	254.000000	255.000000	256.000000	257.000000	258.000000	259.000000	260.000000	261.000000	262.000000	263.000000	264.000000	265.000000	266.000000	267.000000	268.000000	269.000000	270.000000	271.000000	272.000000	273.000000	274.000000	275.000000	276.000000	277.000000	278.000000	279.000000	280.000000	281.000000	282.000000	283.000000	284.000000	285.000000	286.000000	287.000000	288.000000	289.000000	290.000000	291.000000	292.000000	293.000000	294.000000	295.000000	296.000000	297.000000	298.000000	299.000000	300.000000	
Height, meters
222.714753	222.714936	222.717753	222.717870	222.719353	222.718020	222.715953	222.714303	222.712536	222.712220	222.710720	222.707986	222.705470	222.702803	222.700553	222.699653	222.698236	222.697353	222.696236	222.696286	222.694603	222.692420	222.689270	222.687170	222.686953	222.689303	222.694836	222.706053	222.721070	222.733953	222.737653	222.738320	222.744120	222.752570	222.768270	222.808986	222.930353	223.052736	223.090786	223.103286	223.121386	223.168053	223.173486	223.144303	223.133370	223.146303	223.147270	223.165236	223.194420	223.187053	223.162720	223.142770	223.124436	223.102736	223.084036	223.067803	223.053570	223.038670	223.022536	223.009453	222.996120	222.983103	222.973520	222.963470	222.952820	222.943236	222.935003	222.927970	222.918386	222.905486	222.891870	222.883320	222.876636	222.871670	222.864936	222.864486	222.862986	222.861353	222.859086	222.858053	222.854886	222.849870	222.844886	222.842653	222.839836	222.839303	222.836753	222.833670	222.830486	222.827270	222.823386	222.820870	222.815820	222.810286	222.802920	222.799270	222.795086	222.795036	222.795070	222.794036	222.792903	222.790603	222.791186	222.789753	222.790286	222.791303	222.790920	222.789220	222.787436	222.785653	222.784986	222.783836	222.782153	222.780120	222.777553	222.776253	222.774336	222.775103	222.778486	222.784603	222.789636	222.792353	222.791386	222.789386	222.784770	222.782603	222.781903	222.780753	222.780820	222.780986	222.780970	222.780353	222.781253	222.783220	222.786620	222.793570	222.808970	222.823853	222.832570	222.836436	222.837070	222.837153	222.840053	222.842203	222.843853	222.845236	222.846020	222.845620	222.845053	222.842603	222.841420	222.843970	222.849786	222.857270	222.862136	222.864453	222.866603	222.869320	222.870086	222.871303	222.870820	222.870020	222.869353	222.869220	222.867320	222.863736	222.854486	222.853203	222.853620	222.851153	222.848820	222.853186	222.856153	222.858003	222.858436	222.860103	222.860870	222.861536	222.862186	222.863853	222.865770	222.867236	222.869036	222.869153	222.869236	222.868420	222.867420	222.866753	222.862053	222.857570	222.848453	222.847236	222.848503	222.847070	222.840170	222.837653	222.847320	222.850570	222.852770	222.854553	222.855536	222.856420	222.855703	222.855703	222.855803	222.856786	222.857053	222.856786	222.855686	222.852453	222.846103	222.839203	222.830203	222.821103	222.810870	222.802353	222.793936	222.787770	222.783403	222.781420	222.779753	222.778170	222.777036	222.775570	222.773686	222.772603	222.772336	222.772270	222.772503	222.772853	222.772503	222.771703	222.771703	222.771020	222.770920	222.770653	222.769653	222.766253	222.764186	222.762503	222.761336	222.761136	222.760936	222.762953	222.765103	222.765970	222.766770	222.769086	222.768836	222.767470	222.767453	222.767753	222.768636	222.769403	222.770820	222.772870	222.774870	222.775903	222.774086	222.773470	222.769736	222.762620	222.756903	222.756520	222.756786	222.756386	222.757236	222.757336	222.758420	222.761886	222.762736	222.761320	222.761286	222.760586	222.761120	222.763953	222.769753	222.778120	222.785403	222.783453	222.780470	222.777886	222.778070	222.783470	222.799236	222.817753	222.821636	222.823220	222.830886	222.830386	222.832803	222.835153	222.835820	222.833936	222.832170	222.832603	222.833503	222.833970	222.832686	222.830153	
221.404725	221.403858	221.406625	221.407891	221.410691	221.410491	221.409225	221.406991	221.404908	221.403191	221.401741	221.399608	221.396791	221.394375	221.391025	221.389075	221.387158	221.385925	221.385208	221.385408	221.384325	221.381591	221.377991	221.375291	221.374275	221.376441	221.384058	221.400891	221.413591	221.426425	221.442991	221.447391	221.452291	221.460058	221.475391	221.531708	221.661475	221.824075	221.903858	221.930758	221.946758	221.994875	222.011341	221.977875	221.950741	221.953175	221.951941	221.960958	221.994441	221.996425	221.970641	221.943641	221.920958	221.895258	221.870858	221.849675	221.831025	221.813541	221.795108	221.777625	221.761091	221.744925	221.731291	221.718191	221.704041	221.692008	221.680925	221.670941	221.658558	221.644158	221.628541	221.618341	221.610308	221.603091	221.594908	221.593608	221.592008	221.589825	221.586858	221.584075	221.580658	221.575191	221.569458	221.566075	221.563208	221.561625	221.558975	221.555891	221.552708	221.548741	221.544608	221.541141	221.534891	221.529308	221.521441	221.516791	221.512058	221.511958	221.512341	221.511708	221.510025	221.507125	221.507108	221.503775	221.503508	221.505025	221.505541	221.503791	221.501808	221.499725	221.498708	221.497508	221.495525	221.493141	221.490525	221.487825	221.484558	221.483325	221.485358	221.490325	221.498158	221.505475	221.508308	221.505808	221.500591	221.496225	221.493975	221.492375	221.491741	221.491408	221.490891	221.490375	221.491225	221.492991	221.495341	221.498941	221.510991	221.529325	221.544691	221.552158	221.554941	221.555075	221.557225	221.559325	221.562025	221.564258	221.566091	221.565491	221.564925	221.562825	221.560841	221.560891	221.564808	221.572941	221.581208	221.585375	221.587675	221.591291	221.592958	221.593325	221.592841	221.592491	221.591875	221.590891	221.588691	221.585508	221.575458	221.573725	221.575241	221.573275	221.571191	221.575158	221.577825	221.579925	221.580658	221.582175	221.582941	221.583658	221.584258	221.585091	221.586658	221.588358	221.589758	221.590975	221.591008	221.589991	221.589091	221.587875	221.583025	221.577591	221.568325	221.567291	221.568675	221.567891	221.561441	221.558625	221.567291	221.570641	221.572941	221.574425	221.575658	221.576741	221.576241	221.575625	221.575225	221.576958	221.576875	221.576808	221.576158	221.573775	221.568275	221.561775	221.553125	221.542125	221.531091	221.520625	221.510408	221.502841	221.497425	221.493391	221.491525	221.489691	221.487808	221.485775	221.483958	221.482325	221.481158	221.481141	221.481075	221.481125	221.481175	221.481125	221.480825	221.480041	221.480291	221.479975	221.478625	221.475775	221.473158	221.471475	221.469958	221.469358	221.469208	221.470425	221.473075	221.474441	221.475541	221.478158	221.477658	221.476141	221.475775	221.475425	221.476591	221.476675	221.478941	221.480541	221.483091	221.484475	221.482558	221.482141	221.478058	221.470741	221.465525	221.464741	221.464408	221.464308	221.465208	221.465958	221.466991	221.470358	221.471208	221.469941	221.469408	221.469258	221.469941	221.472325	221.478275	221.487791	221.498625	221.499125	221.494991	221.493808	221.493941	221.501441	221.517708	221.535375	221.551608	221.553191	221.559658	221.558858	221.558975	221.559825	221.561641	221.559758	221.557391	221.555725	221.556925	221.557191	221.555558	221.552775	
220.827795	220.826579	220.828895	220.829712	220.832595	220.833612	220.833745	220.832545	220.830479	220.829062	220.827112	220.825279	220.823212	220.821145	220.818245	220.816645	220.814479	220.813445	220.812229	220.812729	220.812045	220.810012	220.807812	220.805812	220.804695	220.807295	220.816629	220.834095	220.846162	220.854945	220.866695	220.877362	220.885462	220.891812	220.903762	220.961479	221.080745	221.230045	221.314929	221.355729	221.369229	221.402695	221.421629	221.392079	221.360962	221.350345	221.347012	221.347429	221.370462	221.381395	221.363962	221.338012	221.313579	221.288929	221.265729	221.243295	221.225095	221.207662	221.190079	221.173495	221.157012	221.141345	221.128012	221.115012	221.100612	221.088179	221.077045	221.066762	221.054179	221.039979	221.024512	221.015562	221.008029	221.001462	220.993379	220.991829	220.989979	220.987545	220.984479	220.981495	220.976879	220.972062	220.966279	220.962945	220.959429	220.958045	220.955145	220.952312	220.949929	220.946362	220.942379	220.939012	220.932712	220.926729	220.919812	220.915862	220.912229	220.911979	220.913162	220.912979	220.911745	220.909145	220.908429	220.904895	220.903429	220.903845	220.904612	220.903912	220.901679	220.899895	220.898729	220.897479	220.896045	220.894112	220.891895	220.889395	220.885779	220.882595	220.882329	220.884645	220.890962	220.899495	220.906579	220.907979	220.903812	220.899695	220.895945	220.893695	220.893095	220.891679	220.890962	220.890245	220.890245	220.890962	220.892912	220.894612	220.900212	220.912095	220.928212	220.940779	220.946262	220.947795	220.949295	220.950595	220.953495	220.956479	220.959212	220.959662	220.958345	220.956745	220.954912	220.953012	220.953479	220.957712	220.966229	220.971595	220.975095	220.978912	220.981129	220.981095	220.980362	220.979312	220.977895	220.976362	220.973562	220.969879	220.960429	220.959195	220.961962	220.961895	220.960912	220.964879	220.966995	220.967745	220.967079	220.967495	220.967912	220.968629	220.968329	220.969262	220.969979	220.971629	220.972829	220.973445	220.973729	220.972612	220.971462	220.970045	220.965095	220.959412	220.950345	220.950512	220.953395	220.953762	220.949262	220.946445	220.954362	220.956712	220.958412	220.958395	220.959079	220.959912	220.960379	220.959995	220.959362	220.961095	220.961945	220.961329	220.960879	220.959745	220.956495	220.952045	220.945045	220.935895	220.925762	220.916895	220.907379	220.900412	220.894395	220.890379	220.888645	220.886362	220.885329	220.883162	220.881229	220.879645	220.878279	220.878062	220.878195	220.877995	220.878495	220.878245	220.878445	220.878462	220.878162	220.878245	220.877595	220.875395	220.873429	220.872345	220.870829	220.870679	220.870879	220.872045	220.874095	220.875712	220.877662	220.880562	220.879629	220.878062	220.878245	220.877595	220.878162	220.878495	220.880212	220.881912	220.884462	220.885595	220.883879	220.883012	220.878829	220.871912	220.868045	220.868362	220.869029	220.869279	220.870779	220.872229	220.873162	220.876029	220.876379	220.875262	220.874629	220.874079	220.874462	220.876845	220.882945	220.891112	220.899095	220.904145	220.902362	220.901329	220.902162	220.912812	220.928279	220.940545	220.956679	220.964862	220.970629	220.970179	220.970045	220.967645	220.968362	220.967379	220.966012	220.963195	220.962895	220.962962	220.962279	220.960245	
220.747730	220.746376	220.747418	220.747584	220.749730	220.750709	220.751480	220.751376	220.750751	220.750459	220.749272	220.748251	220.746772	220.745855	220.744043	220.743668	220.742314	220.741043	220.740314	220.740501	220.740105	220.738709	220.736834	220.734897	220.733668	220.736043	220.741376	220.748480	220.758022	220.764980	220.768293	220.775459	220.780834	220.784334	220.790897	220.821876	220.898418	220.992189	221.054001	221.087626	221.103251	221.126668	221.140064	221.118918	221.094334	221.081105	221.077709	221.075064	221.086584	221.097043	221.087022	221.068334	221.050564	221.033314	221.017626	221.001293	220.987772	220.976272	220.964689	220.954230	220.943647	220.933793	220.926147	220.918334	220.909334	220.901751	220.894730	220.888209	220.879564	220.868876	220.856584	220.850584	220.845251	220.840959	220.834939	220.835751	220.835751	220.835730	220.834689	220.833605	220.830939	220.827334	220.823126	220.821043	220.818751	220.818480	220.816605	220.814897	220.813751	220.811959	220.810064	220.807584	220.803584	220.798626	220.792397	220.788959	220.785251	220.785876	220.787084	220.787564	220.787980	220.787293	220.787564	220.785230	220.784814	220.784855	220.785459	220.786147	220.785189	220.784230	220.783814	220.783314	220.782793	220.781272	220.780793	220.779355	220.777001	220.773793	220.772501	220.771543	220.773397	220.778355	220.784876	220.788501	220.787022	220.784730	220.783355	220.782043	220.781772	220.781501	220.780522	220.780543	220.780168	220.780959	220.782209	220.783022	220.784959	220.789168	220.797022	220.805501	220.810022	220.811918	220.812605	220.813418	220.815105	220.817439	220.819897	220.820459	220.820980	220.819918	220.818709	220.817584	220.817626	220.817959	220.823751	220.828168	220.831418	220.834959	220.837501	220.838418	220.838209	220.838522	220.837793	220.837209	220.834897	220.831564	220.821814	220.820043	220.821147	220.819605	220.818084	220.822876	220.825355	220.827605	220.827689	220.828543	220.829834	220.830689	220.831001	220.831334	220.832689	220.833501	220.834814	220.835418	220.836126	220.835709	220.835397	220.835230	220.830668	220.825647	220.817168	220.815584	220.817418	220.816209	220.810959	220.808293	220.817209	220.820397	220.822709	220.823293	220.824189	220.825022	220.825439	220.824855	220.824480	220.825355	220.825605	220.826126	220.825314	220.824168	220.822668	220.819980	220.816543	220.810355	220.804022	220.798168	220.791689	220.786584	220.782230	220.779689	220.778480	220.777709	220.777126	220.776209	220.775314	220.774168	220.774064	220.773459	220.773480	220.773230	220.773230	220.773918	220.773293	220.773397	220.773022	220.772918	220.771918	220.770605	220.768564	220.767730	220.766189	220.766064	220.766501	220.766980	220.768793	220.769459	220.771334	220.774584	220.773939	220.772709	220.773480	220.773043	220.773522	220.773543	220.774897	220.776772	220.779647	220.780668	220.779814	220.779397	220.775251	220.768459	220.763855	220.763709	220.764189	220.763626	220.764126	220.765001	220.766709	220.769814	220.770751	220.770334	220.769814	220.769126	220.769272	220.771168	220.775355	220.778647	220.783355	220.786355	220.786647	220.785751	220.786647	220.793022	220.802314	220.809293	220.817376	220.824272	220.829564	220.828814	220.828668	220.826605	220.826022	220.825814	220.825772	220.824293	220.824293	220.824834	220.824939	220.823793	
220.397384	220.395592	220.396634	220.396425	220.398446	220.399738	220.400446	220.400821	220.400592	220.399613	220.398863	220.397529	220.396613	220.395134	220.393759	220.392071	220.391154	220.389696	220.388904	220.388904	220.388509	220.386613	220.384550	220.382613	220.381821	220.385384	220.396779	220.406071	220.412363	220.419134	220.423509	220.430988	220.440300	220.444488	220.452800	220.493342	220.563071	220.613779	220.665717	220.689904	220.703092	220.724571	220.731529	220.715467	220.696488	220.681134	220.675425	220.672154	220.680238	220.689446	220.682425	220.666300	220.650592	220.635592	220.621092	220.606071	220.593925	220.582738	220.572842	220.563009	220.553613	220.544571	220.538363	220.531363	220.523425	220.516842	220.510384	220.505050	220.497029	220.486342	220.474175	220.468800	220.464029	220.459425	220.453842	220.454779	220.455467	220.455571	220.454717	220.454509	220.451842	220.448925	220.444967	220.443134	220.441279	220.441196	220.439759	220.438363	220.437467	220.435925	220.434029	220.432925	220.429238	220.424279	220.418238	220.414488	220.410467	220.410967	220.412238	220.413154	220.414009	220.413196	220.413592	220.412009	220.410717	220.410821	220.411738	220.411988	220.411592	220.410446	220.410717	220.410029	220.410009	220.409113	220.408259	220.406821	220.404342	220.401571	220.400342	220.398884	220.399238	220.403571	220.410154	220.414529	220.413738	220.412196	220.411259	220.409634	220.409634	220.408842	220.408363	220.408509	220.407759	220.408175	220.410050	220.410175	220.412050	220.415384	220.421300	220.429092	220.434488	220.436384	220.438009	220.437759	220.438196	220.440092	220.442925	220.444738	220.444946	220.443884	220.443550	220.442800	220.442279	220.442425	220.446092	220.449946	220.453071	220.456988	220.459904	220.461009	220.461175	220.461800	220.461196	220.461050	220.458863	220.455279	220.445967	220.443946	220.444425	220.442196	220.440050	220.444904	220.448071	220.450071	220.451029	220.451759	220.452988	220.454029	220.454279	220.454967	220.456071	220.457342	220.458342	220.459259	220.460029	220.460550	220.460175	220.460384	220.456259	220.451675	220.442321	220.440446	220.441446	220.439675	220.434113	220.431321	220.440613	220.443738	220.446300	220.447509	220.448404	220.449238	220.449009	220.448446	220.448196	220.449134	220.450134	220.450279	220.449592	220.448696	220.447259	220.445759	220.442259	220.436634	220.431175	220.425321	220.419217	220.414550	220.410446	220.407779	220.406071	220.405550	220.405654	220.403967	220.403592	220.403446	220.402342	220.401550	220.402009	220.401634	220.401259	220.401134	220.401071	220.401175	220.401363	220.400571	220.399946	220.397759	220.396404	220.394946	220.393404	220.393279	220.393029	220.393696	220.395071	220.396300	220.397738	220.400363	220.400717	220.399363	220.399446	220.399884	220.400196	220.400134	220.401425	220.402925	220.405238	220.407071	220.405467	220.405175	220.401404	220.394488	220.389884	220.389488	220.389654	220.388342	220.388842	220.389279	220.390863	220.394592	220.395654	220.395050	220.394154	220.394029	220.394425	220.395884	220.401134	220.404613	220.406321	220.408259	220.408738	220.408279	220.409300	220.417550	220.427342	220.431259	220.434717	220.441675	220.448029	220.448467	220.448904	220.446696	220.445425	220.444592	220.443113	220.442509	220.442009	220.442363	220.442529	220.442509	
Height at baseflow, m
222.686953	221.374275	220.804695	220.733668	220.381821	
Slope, cm/km
141.690849	141.840308	141.853442	141.911661	141.772168	141.648076	141.513997	141.511950	141.559609	141.582864	141.457944	141.304750	141.257594	141.290556	141.247907	141.242717	141.265802	141.223019	141.133132	141.105100	141.017128	141.093412	141.068190	141.096276	141.185524	141.354557	141.420621	141.410576	142.002748	141.412914	140.466941	140.617336	141.055379	141.438220	141.440129	141.359622	140.586481	136.007588	134.342318	132.808866	133.352951	132.374746	132.268702	134.245995	136.172444	136.660480	137.010814	137.940242	136.788433	136.830537	137.289495	137.884595	138.225379	138.763493	139.149927	139.654577	139.641182	139.862474	140.069893	140.060867	140.339517	140.376566	140.539720	140.824141	140.933817	141.222800	141.302272	141.249138	141.352458	141.383732	141.590585	141.527492	141.519296	141.527207	141.563572	141.611520	141.492508	141.544452	141.659783	141.579039	141.691671	141.596317	141.620489	141.692031	141.612794	141.672199	141.705116	141.770851	141.708549	141.689030	141.689544	141.644883	141.795701	141.640171	141.634947	141.655886	141.800120	141.629749	141.479499	141.396804	141.420313	141.458869	141.466070	141.615943	141.580541	141.603606	141.515577	141.410636	141.483148	141.496023	141.448105	141.388442	141.364918	141.208741	141.188225	141.375981	141.493619	141.585194	141.963493	142.037600	141.930795	141.483995	141.269011	141.149731	141.245050	141.268225	141.397707	141.357987	141.489112	141.549682	141.355627	141.484740	141.473587	141.553112	141.671220	142.172804	142.547039	142.462769	142.162081	141.964369	141.894325	142.058851	142.071332	142.171990	142.141354	141.996806	142.025485	142.095079	141.936999	141.965005	142.219570	142.310462	142.547670	142.493310	142.370192	142.385625	142.373458	142.352718	142.349181	142.403421	142.416047	142.412680	142.536858	142.549653	142.503467	142.574282	142.573456	142.609407	142.463989	142.569019	142.482231	142.575727	142.575762	142.489602	142.388575	142.405653	142.364916	142.474968	142.529183	142.472437	142.562825	142.562000	142.640331	142.628560	142.596246	142.578316	142.520331	142.588561	142.648792	142.634094	142.660627	142.750761	142.688272	142.533460	142.680243	142.621451	142.575202	142.513525	142.528447	142.548075	142.577356	142.466881	142.423638	142.431758	142.593688	142.471955	142.482440	142.564525	142.322646	142.359190	142.230501	142.227432	141.947954	141.783824	141.839568	141.792414	141.804975	141.866561	141.841763	141.896624	141.805749	141.833352	141.824093	141.697313	141.853373	141.851900	141.803812	141.758927	141.859774	141.846361	141.672991	141.734164	141.749589	141.684706	141.643910	141.585860	141.586049	141.577995	141.533020	141.589631	141.576801	141.587361	141.648343	141.681285	141.604947	141.579610	141.624889	141.640117	141.592316	141.553940	141.632998	141.643288	141.509873	141.610899	141.530019	141.638078	141.600036	141.474719	141.468417	141.586074	141.574051	141.521277	141.506928	141.569033	141.500516	141.463379	141.470840	141.413583	141.475626	141.450828	141.455335	141.475367	141.309312	141.401947	141.460445	141.503657	141.523913	141.643622	141.123965	141.236175	141.150294	141.074948	141.014368	141.222674	141.411004	141.174736	140.217207	140.594556	140.772009	140.815413	141.205959	141.283038	141.199941	141.268037	141.296965	141.486498	141.487154	141.508612	141.369702	141.476652	
76.255398	76.332064	76.303834	76.245239	76.189502	76.124352	76.048041	76.043564	76.108123	76.172414	76.282341	76.236280	76.253049	76.254019	76.346819	76.417997	76.467849	76.530938	76.542951	76.498549	76.452943	76.486989	76.447402	76.469310	76.507273	76.485073	76.145731	75.175687	75.401094	75.802446	75.301661	74.613846	74.294075	74.310827	74.306095	72.201302	71.718692	69.948868	65.944606	64.028950	63.740741	64.314562	63.608674	63.385307	64.328406	65.540595	65.634520	66.181305	66.272687	65.418344	65.166086	65.630322	66.052853	66.445421	66.888526	67.312528	67.718821	67.991416	68.329299	68.603249	68.941924	69.192327	69.482076	69.808850	70.039780	70.341365	70.624300	70.891686	71.095101	71.305196	71.435323	71.540397	71.702763	71.805099	71.900459	72.036931	72.156187	72.257423	72.372467	72.520588	72.599508	72.652963	72.749649	72.795799	72.882666	72.948164	73.047074	73.004176	73.053876	73.119068	73.186795	73.208012	73.430275	73.440449	73.427801	73.508436	73.468762	73.510068	73.477501	73.447450	73.518673	73.559578	73.654063	73.763483	73.921594	73.892014	73.937137	73.938513	73.928879	73.990414	74.075748	74.033208	74.130407	74.153188	74.132386	74.239091	74.304454	74.409860	74.546674	74.585834	74.409215	74.043908	73.695674	73.632127	73.668277	73.875332	74.071234	74.103347	74.208946	74.217436	74.324886	74.327336	74.356503	74.446924	74.378949	74.594505	74.824032	74.777690	74.202227	73.698275	73.451689	73.406510	73.446777	73.446875	73.287096	73.219789	73.121973	73.095419	73.201528	73.194934	73.191864	73.382936	73.651200	73.633987	73.384396	73.179652	73.153314	73.092242	73.075651	73.091248	73.082963	73.151653	73.206202	73.304116	73.400674	73.394000	73.305015	73.363859	73.286019	73.161159	73.158478	73.173837	73.179011	73.236292	73.331625	73.394715	73.433935	73.440197	73.473556	73.485981	73.512259	73.510877	73.509850	73.533605	73.519877	73.567705	73.591992	73.617307	73.680067	73.777138	73.778010	73.671177	73.645145	73.550328	73.437183	73.457226	73.519476	73.580220	73.566616	73.642772	73.671637	73.661584	73.601683	73.668140	73.624289	73.632269	73.529624	73.617511	73.642674	73.509634	73.417759	73.384887	73.454387	73.549317	73.676249	73.733555	73.911537	74.022158	74.202131	74.321886	74.275662	74.409975	74.436894	74.647449	74.516352	74.547569	74.689306	74.714656	74.618970	74.723021	74.696924	74.640879	74.619631	74.605367	74.674086	74.667406	74.617739	74.597723	74.513647	74.546730	74.548924	74.635134	74.502577	74.586736	74.556572	74.554314	74.454262	74.354708	74.447339	74.520841	74.517358	74.564498	74.619934	74.570333	74.499892	74.573857	74.556035	74.438132	74.535206	74.543482	74.601514	74.611744	74.496938	74.412956	74.363078	74.382792	74.338545	74.241444	74.275883	74.306077	74.284705	74.310321	74.341381	74.326600	74.350146	74.333862	74.280068	74.037147	74.045803	73.545978	73.683112	73.624053	73.654371	73.049182	72.936455	73.217825	72.686533	72.186734	72.241903	72.087340	72.183059	72.378777	72.329718	72.295154	72.259313	72.471497	72.566340	72.569051	72.594514	72.589279	
7.687262	7.692469	7.807056	7.899559	8.006732	7.912529	7.810062	7.678117	7.510633	7.287503	7.177573	7.237927	7.065356	6.949082	6.748739	6.614938	6.504791	6.469928	6.440447	6.475331	6.445702	6.351833	6.259186	6.210897	6.185712	6.193873	6.671440	8.052750	8.209391	8.420306	9.556800	9.879378	10.121379	10.459350	11.161225	14.153779	17.156601	21.713915	25.554329	26.148104	26.754326	27.854780	28.106038	27.758152	27.402472	27.768381	27.901960	28.440607	29.567577	29.357222	28.678146	28.130869	27.884563	27.261831	26.738538	26.373824	25.930086	25.545075	25.104667	24.577826	24.143271	23.688287	23.259257	22.786869	22.448971	22.080132	21.747948	21.429885	21.151965	20.876637	20.610835	20.326909	20.072178	19.876934	19.690388	19.518796	19.341163	19.109747	18.909404	18.712994	18.631314	18.502778	18.281018	18.131659	18.053058	17.951506	17.848170	17.714855	17.563528	17.328564	17.181609	16.994728	16.771049	16.658563	16.600245	16.522984	16.440943	16.372327	16.318445	16.272760	16.022287	15.892476	15.777306	15.616644	15.605864	15.669939	15.596068	15.477471	15.417613	15.266507	15.123513	15.131774	14.968232	14.897482	14.753663	14.546858	14.420885	14.518526	14.696039	15.094042	15.597037	16.057442	16.052838	15.649982	15.336964	15.053764	14.806722	14.859148	14.712003	14.683001	14.672823	14.650805	14.620990	14.724511	14.870124	14.929929	15.490272	16.565480	17.497941	17.781605	17.814908	17.695135	17.820172	17.915697	18.083389	18.100968	18.090787	18.020255	17.917047	17.779577	17.710555	17.702373	17.828174	18.372947	18.668369	18.776262	18.720166	18.749124	18.705914	18.587249	18.584222	18.491533	18.396827	18.357551	18.237084	18.250268	18.304616	18.294022	18.422500	18.483235	18.484019	18.390077	18.354889	18.285512	18.269721	18.243293	18.179679	18.172169	18.153657	18.197041	18.225564	18.267943	18.257496	18.269529	18.205095	18.142920	18.060095	17.970809	17.930046	17.797186	17.775072	17.853680	17.902603	18.073649	18.075152	18.033521	17.945855	17.913018	17.898428	17.917970	17.934926	17.966424	17.902610	17.881218	17.956442	18.019645	18.013839	17.991771	17.929540	17.873364	17.730921	17.410128	17.015022	16.608972	16.191702	15.818349	15.467796	15.200431	14.997463	14.771327	14.763163	14.624725	14.480462	14.278940	14.307218	14.248901	14.131256	14.130561	14.153006	14.142391	14.124096	14.186488	14.180036	14.073458	14.175999	14.129128	14.093260	14.046060	14.090757	14.014696	14.014262	13.900295	13.971333	13.912678	14.039896	14.114879	14.096367	14.131701	14.087985	14.016343	13.920457	13.928956	13.895251	13.909005	13.993078	13.989073	14.018216	14.081624	13.940916	13.918848	13.910355	13.883535	13.891817	13.860505	13.842830	13.872307	13.951627	14.002018	13.897178	13.901767	13.905651	13.842057	13.849499	13.886806	13.858098	13.975975	14.143794	14.742801	15.135165	15.319024	14.924811	14.943656	14.840155	15.308001	15.873068	16.501002	17.302062	17.310033	17.363979	17.524613	17.480299	17.587149	17.776146	17.739939	17.586864	17.443898	17.485138	17.470066	17.300233	17.168834	
1.003406	1.006470	1.142129	1.061643	1.097617	1.148257	1.208902	1.074166	1.165768	1.179056	1.125571	1.051200	1.118708	1.133373	1.126729	1.109218	1.117974	1.186859	1.163438	1.205838	1.176726	1.190439	1.093085	1.161327	1.152571	1.257431	1.167971	1.297720	1.459426	1.447606	1.572398	1.717765	1.700254	1.786431	1.844231	2.512251	4.196168	7.019292	9.419885	10.322514	11.023803	11.815881	12.128864	11.221266	10.258070	10.083295	9.788260	9.727177	10.205678	10.603977	10.228662	9.854518	9.035003	8.510019	8.112236	7.555283	7.218801	6.861949	6.381259	6.148981	5.790018	5.469141	5.101423	4.892565	4.595843	4.311675	4.130771	3.977086	3.735318	3.529306	3.448086	3.364020	3.358329	3.322573	3.252954	3.185446	3.125317	3.104741	2.856329	2.792620	2.747156	2.553698	2.529324	2.499697	2.477434	2.327329	2.392416	2.311195	2.380815	2.305286	2.176271	2.227348	2.184292	2.208666	2.094317	2.150648	2.194438	2.095269	2.291058	2.192108	2.233992	2.121020	2.019225	2.162777	1.964787	2.054981	1.995070	1.907940	1.879987	1.928296	1.959095	1.808037	1.836852	1.765419	1.794968	1.812697	1.819341	1.729147	1.783148	1.883785	2.022508	1.935893	2.011204	1.981139	1.983469	1.891163	2.010688	1.856566	1.910489	1.798985	1.781255	1.792856	1.864163	1.840432	1.765637	1.795921	1.883785	1.868386	1.931142	2.032294	2.193485	2.132494	2.076806	2.103806	2.125553	2.162043	2.318058	2.332505	2.125116	2.172910	2.224800	2.052651	2.150648	2.075853	2.151382	2.185761	2.217203	2.185026	2.082278	2.175318	2.201803	2.128901	2.029217	1.985864	1.987551	1.971418	1.894511	2.052856	2.147583	2.177648	2.273109	2.336085	2.299376	2.226692	2.156120	2.194940	2.090081	2.023307	1.917198	1.950108	1.921936	1.926469	1.946310	1.910335	2.004109	1.894936	1.873626	1.791672	1.782916	1.809917	1.695568	1.893085	1.971636	2.003812	2.101604	2.196112	2.159919	2.089565	1.996307	1.938288	1.868669	1.837870	1.910279	1.928799	1.827458	1.825316	1.808540	1.791453	1.920262	1.955799	1.801161	1.820359	1.840200	1.819625	1.737671	1.638721	1.527655	1.636313	1.630403	1.621866	1.610046	1.558672	1.613111	1.554878	1.566694	1.530719	1.530203	1.485989	1.579248	1.588222	1.644128	1.477452	1.476718	1.655214	1.569539	1.562690	1.704774	1.594647	1.651931	1.664485	1.661639	1.782633	1.655729	1.769139	1.768920	1.807522	1.864806	1.804676	1.832411	1.892759	1.813432	1.698348	1.843496	1.781474	1.834960	1.810586	1.804457	1.735572	1.788324	1.726083	1.622819	1.676820	1.743594	1.820076	1.865024	1.977997	2.038126	2.036749	2.006684	2.036530	2.024195	1.966177	2.071552	1.972602	1.961001	1.911738	1.933782	2.011422	2.075866	2.135995	2.259100	2.223126	2.242324	2.396227	2.508246	2.628287	2.840943	2.988203	3.003602	3.023959	2.982293	2.929541	2.898742	2.781032	2.793149	2.714993	2.784393	2.623330	2.656459	2.723967	
2.645974	2.646579	2.658081	2.735526	2.619673	2.619069	2.665357	2.571596	2.655687	2.645413	2.634200	2.621463	2.601518	2.611188	2.689213	2.650805	2.620858	2.712515	2.697384	2.589701	2.597267	2.668041	2.678025	2.730355	2.730065	2.720080	2.696199	2.716433	2.729145	2.704659	2.753052	2.728855	2.798130	2.838957	2.767868	3.042523	3.484738	4.623903	5.556768	6.137532	6.362567	6.740364	6.861968	6.498274	6.215582	5.869233	5.824154	5.695589	5.892220	6.044666	5.928523	5.626024	5.391320	5.173850	4.963588	4.810870	4.638121	4.459979	4.422756	4.175339	4.136012	4.027724	3.889489	3.750650	3.696506	3.616352	3.493853	3.399487	3.329608	3.247621	3.308725	3.323856	3.255186	3.263356	3.171095	3.149923	3.174119	3.241264	3.157488	3.079148	3.156883	3.064622	3.124227	3.029861	3.066455	2.991139	3.076729	3.018667	2.978445	3.046467	2.975088	2.886788	2.864696	2.911879	3.036482	2.961166	2.936970	3.138124	3.085794	2.974798	2.935785	2.933033	3.044363	2.969047	3.001703	2.913693	2.963585	2.976007	3.063412	2.932138	2.999599	2.868930	2.816890	3.005350	2.910046	2.808115	2.831102	2.885850	2.938784	2.846233	2.856797	2.823851	2.870429	2.853194	2.884955	2.837773	2.923678	2.861969	3.045753	2.925782	3.039821	3.021043	3.003517	2.973570	3.080648	2.864992	2.940913	2.970546	2.987491	2.940888	2.979006	2.937285	3.077624	2.998099	2.943036	2.939994	3.060099	2.930009	2.946035	2.998074	2.984758	2.965708	2.991718	3.076099	3.073995	3.036772	3.022850	3.081851	2.942696	2.980209	2.949947	2.933921	3.001672	2.853767	2.893989	2.815939	2.760296	2.893674	2.885214	2.756359	2.854977	2.941172	2.925751	2.880067	2.928145	2.934211	2.913014	2.848621	2.910935	2.854977	2.830176	2.822900	2.743061	2.776007	2.690996	2.679512	2.666485	2.664671	2.635643	2.635643	2.595711	2.595421	2.613261	2.670429	2.709151	2.862807	2.800203	2.833754	2.826504	2.794742	2.926016	2.848281	2.731533	2.709151	2.736995	2.661265	2.651984	2.627788	2.652274	2.705208	2.637747	2.697957	2.683431	2.713983	2.731218	2.692810	2.624455	2.715507	2.801413	2.741518	2.800808	2.733662	2.696754	2.778136	2.839845	2.680728	2.734267	2.734872	2.842264	2.933921	2.826843	2.797501	2.956908	2.781475	2.788726	2.849540	2.818988	2.887053	2.881592	2.882511	2.822012	2.854088	2.899142	2.897038	2.897643	2.831391	2.962061	2.868300	2.924548	2.824141	2.979296	2.848022	2.947543	3.047966	2.893101	2.987466	2.870114	2.780272	2.892811	2.847732	2.932428	2.902481	2.988386	2.949374	2.950583	2.911571	2.912780	2.963610	2.951503	3.034989	2.999580	3.048911	3.135106	3.044659	3.004727	3.068540	3.051910	3.139025	3.061894	3.067356	3.119105	3.183813	3.206800	3.173539	3.268194	3.250669	3.327800	3.295143	3.317235	3.385905	3.250894	3.300919	3.278827	3.342036	3.317550	3.263406	3.388614	3.255551	3.335390	3.136674	
Width, m
32.437009	32.438316	32.476476	32.477313	32.495098	32.478523	32.452605	32.433973	32.410089	32.409625	32.388749	32.356928	32.328889	32.295641	32.269879	32.257315	32.242019	32.231836	32.215005	32.215419	32.195369	32.169146	32.128768	32.102598	32.102940	32.130282	32.198391	32.338401	32.513906	32.696581	32.742693	32.745013	32.818003	32.916463	33.124220	33.609433	35.098308	36.589409	37.028608	37.215588	37.455124	38.043842	38.099608	37.713998	37.570424	37.749484	37.767687	38.001682	38.382782	38.268295	37.952527	37.701526	37.479028	37.189842	36.951987	36.744221	36.576550	36.386497	36.175913	36.029074	35.867035	35.714267	35.604078	35.474902	35.349707	35.226198	35.121638	35.048482	34.932895	34.766854	34.595563	34.494202	34.414186	34.361144	34.278702	34.271992	34.252561	34.236833	34.201797	34.199386	34.153629	34.092178	34.032658	34.007648	33.968377	33.966442	33.931839	33.891566	33.854422	33.815584	33.766777	33.738761	33.669265	33.603796	33.509002	33.463850	33.409226	33.417029	33.423836	33.403379	33.393995	33.366300	33.373560	33.358231	33.364621	33.378504	33.365505	33.348896	33.322925	33.301653	33.294174	33.283451	33.260232	33.236479	33.203339	33.187690	33.169750	33.182271	33.217815	33.297914	33.352907	33.389530	33.377199	33.362506	33.300703	33.274949	33.266945	33.255632	33.254918	33.256367	33.260541	33.252176	33.260686	33.280073	33.329643	33.410895	33.606301	33.782606	33.887126	33.936459	33.938040	33.937197	33.974631	33.999631	34.019149	34.036858	34.050865	34.040550	34.038600	34.006572	33.987161	34.020702	34.091846	34.184660	34.239794	34.261402	34.290031	34.323951	34.328271	34.348627	34.342289	34.326896	34.318639	34.317418	34.290577	34.243130	34.130149	34.114001	34.123172	34.085061	34.053249	34.111948	34.148837	34.172501	34.179526	34.199062	34.207512	34.210314	34.222806	34.247921	34.269692	34.289465	34.312101	34.307116	34.310523	34.299333	34.286369	34.277426	34.214664	34.158880	34.043712	34.024677	34.049801	34.037986	33.940001	33.907591	34.040848	34.079336	34.106924	34.128794	34.137159	34.152195	34.143472	34.144574	34.146732	34.161146	34.165177	34.154389	34.143125	34.104540	34.024896	33.935005	33.825384	33.720375	33.589452	33.492677	33.384831	33.309300	33.255403	33.234490	33.217896	33.197196	33.187620	33.163456	33.139849	33.129040	33.126160	33.128500	33.131595	33.132276	33.132603	33.122288	33.124941	33.119083	33.117324	33.115126	33.105096	33.058682	33.035855	33.014474	33.000397	32.998130	32.999137	33.024217	33.049208	33.061083	33.070208	33.104928	33.099468	33.078179	33.082229	33.088665	33.097624	33.109224	33.127436	33.151703	33.177011	33.196227	33.169283	33.155063	33.107533	33.018577	32.945914	32.944985	32.957620	32.946312	32.956867	32.963102	32.973202	33.020782	33.030615	33.010930	33.014845	33.000833	33.009252	33.045118	33.120305	33.217898	33.309555	33.286308	33.249541	33.217757	33.222908	33.292403	33.478527	33.713972	33.759411	33.780770	33.871807	33.876407	33.899976	33.925353	33.936011	33.909181	33.892060	33.898347	33.902575	33.910434	33.897267	33.868644	
34.378614	34.370076	34.394736	34.408566	34.431221	34.428888	34.418553	34.396573	34.380582	34.368575	34.356056	34.333587	34.308499	34.288900	34.260070	34.243378	34.227646	34.216576	34.212006	34.212748	34.201751	34.176513	34.144432	34.116823	34.107920	34.127216	34.192083	34.330706	34.437304	34.553025	34.708063	34.735637	34.774679	34.843615	34.975092	35.464397	36.621090	38.113742	38.863206	39.110397	39.260686	39.713598	39.883119	39.576964	39.315493	39.336341	39.327039	39.412589	39.727569	39.748866	39.501953	39.244368	39.033814	38.795736	38.562910	38.367476	38.191364	38.029307	37.857897	37.699888	37.548746	37.400430	37.276725	37.159210	37.031556	36.924421	36.822451	36.733609	36.619590	36.487500	36.346104	36.251973	36.180024	36.113283	36.039189	36.027952	36.015633	36.000440	35.977572	35.953745	35.924096	35.874555	35.827533	35.798099	35.774930	35.760029	35.737167	35.711850	35.683711	35.649265	35.613247	35.583990	35.527031	35.478844	35.404719	35.361029	35.314720	35.317133	35.321181	35.315172	35.301508	35.276071	35.279819	35.248017	35.247690	35.263980	35.271891	35.252175	35.234772	35.218522	35.211853	35.201407	35.183415	35.161260	35.138273	35.115726	35.088908	35.075967	35.093961	35.137201	35.207616	35.270931	35.291634	35.269972	35.223699	35.183914	35.168687	35.151606	35.149226	35.148827	35.141201	35.140205	35.148830	35.164601	35.182834	35.217288	35.327990	35.493771	35.626960	35.684978	35.707707	35.709740	35.725790	35.745992	35.768000	35.787077	35.805864	35.799581	35.795609	35.778752	35.762405	35.761563	35.798679	35.872695	35.945920	35.982739	36.001086	36.033073	36.047945	36.056548	36.049856	36.048688	36.048131	36.037841	36.015889	35.988876	35.895830	35.878717	35.889755	35.870914	35.847005	35.885153	35.910115	35.931935	35.941326	35.956005	35.963531	35.970203	35.977841	35.985029	35.999273	36.014916	36.028853	36.039570	36.040235	36.030725	36.023276	36.012034	35.966002	35.919030	35.834754	35.821889	35.832661	35.824190	35.760550	35.733794	35.816537	35.848682	35.871114	35.886796	35.897916	35.908378	35.905492	35.898190	35.895495	35.912885	35.910355	35.908970	35.902487	35.881720	35.830185	35.772554	35.695365	35.597127	35.500326	35.407301	35.316480	35.248629	35.201348	35.166255	35.150975	35.136384	35.120256	35.101558	35.084337	35.071920	35.058859	35.059646	35.062864	35.061669	35.059247	35.061003	35.058854	35.054085	35.054673	35.050897	35.040197	35.013899	34.986279	34.971447	34.956398	34.952255	34.950179	34.960837	34.981950	34.995848	35.004220	35.029817	35.025746	35.008941	35.010487	35.008884	35.017121	35.018913	35.040778	35.054535	35.077950	35.092376	35.074466	35.072993	35.034998	34.966724	34.917133	34.911084	34.905744	34.903327	34.907304	34.914287	34.925162	34.956523	34.964598	34.953982	34.947713	34.947486	34.956519	34.975329	35.028559	35.114560	35.212321	35.209532	35.170096	35.159606	35.161236	35.225652	35.365276	35.518043	35.659918	35.667276	35.726976	35.720604	35.721462	35.731105	35.748378	35.729002	35.708969	35.695239	35.707616	35.710653	35.699922	35.673071	
42.501804	42.494531	42.507332	42.512778	42.530841	42.537602	42.539161	42.532240	42.518563	42.509715	42.497852	42.486010	42.472056	42.458872	42.442097	42.432476	42.418747	42.412002	42.404816	42.408302	42.402239	42.391164	42.378330	42.363872	42.356645	42.373121	42.433349	42.542237	42.619760	42.674649	42.745999	42.817081	42.869971	42.913382	42.985121	43.342189	44.071096	44.995553	45.529116	45.793886	45.878116	46.078959	46.200315	46.018875	45.824877	45.754969	45.734023	45.736526	45.874955	45.946858	45.839605	45.679491	45.528290	45.375303	45.233329	45.093966	44.983114	44.874380	44.768130	44.666689	44.565723	44.468141	44.387474	44.307110	44.218737	44.144336	44.075320	44.013712	43.936202	43.849397	43.753149	43.698113	43.652649	43.610633	43.559966	43.548492	43.538364	43.523437	43.505628	43.487671	43.456805	43.428595	43.394111	43.371804	43.351212	43.343728	43.324377	43.305856	43.292040	43.269548	43.245611	43.223122	43.186309	43.145395	43.102629	43.079195	43.055107	43.053731	43.059946	43.059064	43.051362	43.035967	43.029864	43.007579	42.999167	42.999531	43.005904	43.002653	42.985249	42.975107	42.966895	42.959427	42.951831	42.939792	42.921831	42.906369	42.883479	42.862089	42.859080	42.873139	42.913695	42.968378	43.015342	43.025215	42.998463	42.972179	42.948817	42.931236	42.929285	42.918153	42.913722	42.910133	42.909404	42.914112	42.926154	42.938581	42.968538	43.044145	43.148440	43.231074	43.266887	43.277753	43.287086	43.293928	43.310484	43.329999	43.347550	43.350825	43.343436	43.333283	43.323224	43.311041	43.312714	43.338979	43.391104	43.424477	43.449284	43.473177	43.487356	43.489908	43.483576	43.477776	43.470059	43.460301	43.442606	43.421460	43.362274	43.354216	43.369856	43.369603	43.362303	43.386746	43.400021	43.404850	43.401596	43.404558	43.408640	43.414312	43.410459	43.417497	43.421109	43.433841	43.439117	43.443144	43.446550	43.440913	43.433433	43.423130	43.394089	43.358976	43.303045	43.301421	43.318460	43.320033	43.290807	43.272919	43.324139	43.339599	43.350256	43.349128	43.354992	43.359441	43.362841	43.361220	43.356998	43.368741	43.373841	43.368633	43.366037	43.358234	43.338708	43.312618	43.268460	43.212796	43.147292	43.091888	43.030966	42.984964	42.946493	42.919780	42.909254	42.892824	42.887882	42.874560	42.859693	42.850026	42.839723	42.837960	42.840115	42.838419	42.840052	42.837729	42.840616	42.841019	42.840143	42.838359	42.835240	42.821577	42.807029	42.800609	42.790154	42.790748	42.790313	42.797189	42.808433	42.822896	42.833006	42.849096	42.844920	42.833591	42.836631	42.833460	42.835766	42.837257	42.845759	42.859212	42.874150	42.880730	42.870936	42.864177	42.840738	42.797249	42.773594	42.775187	42.777803	42.779561	42.787535	42.797179	42.802915	42.821035	42.820304	42.814922	42.811433	42.806902	42.811211	42.825011	42.864812	42.918333	42.965667	43.000207	42.989990	42.982706	42.987670	43.055931	43.153649	43.226678	43.325876	43.379917	43.415739	43.414395	43.415286	43.396705	43.402340	43.396629	43.387713	43.371448	43.367804	43.368999	43.367127	43.353264	
38.953625	38.950803	38.952901	38.953505	38.957457	38.958868	38.961045	38.960359	38.958707	38.958868	38.957013	38.954110	38.952054	38.949998	38.946128	38.945644	38.942902	38.940242	38.939234	38.940000	38.939556	38.936291	38.931654	38.929235	38.926978	38.931172	38.942137	38.956127	38.974551	38.988339	38.995436	39.009548	39.020191	39.026762	39.040107	39.103081	39.259107	39.452185	39.580437	39.648372	39.679904	39.728407	39.754372	39.710222	39.660346	39.633819	39.626481	39.621158	39.644585	39.666437	39.645512	39.607856	39.570600	39.535162	39.503956	39.469766	39.442715	39.418967	39.394655	39.373851	39.352362	39.331598	39.315914	39.299828	39.280838	39.264792	39.250681	39.237457	39.219758	39.198148	39.174119	39.162226	39.151825	39.143480	39.131506	39.132272	39.132352	39.132755	39.129408	39.126828	39.121465	39.113764	39.105741	39.101267	39.096469	39.095904	39.091751	39.088204	39.086309	39.082680	39.079293	39.073530	39.066110	39.056394	39.044339	39.037284	39.030311	39.032003	39.034343	39.035511	39.035955	39.033616	39.034342	39.031560	39.029180	39.029141	39.030149	39.031398	39.029100	39.027487	39.027165	39.025874	39.023537	39.021761	39.020029	39.016764	39.012571	39.006483	39.004305	39.003016	39.006484	39.016764	39.029786	39.036841	39.033253	39.029423	39.026078	39.023415	39.021966	39.021481	39.020069	39.020029	39.020432	39.020553	39.023334	39.024625	39.028979	39.036881	39.052281	39.070020	39.077964	39.083485	39.083687	39.085421	39.088285	39.093364	39.098001	39.099049	39.100136	39.097557	39.096024	39.093202	39.092759	39.093766	39.105135	39.114730	39.119972	39.127349	39.132186	39.133880	39.132873	39.133597	39.131903	39.130089	39.126420	39.119204	39.101182	39.096910	39.099773	39.096750	39.095057	39.104289	39.108764	39.112997	39.112553	39.114044	39.116946	39.118317	39.118035	39.118680	39.121098	39.123517	39.125090	39.126460	39.128274	39.126782	39.126097	39.125009	39.116300	39.106745	39.090336	39.087314	39.091588	39.088726	39.079092	39.074899	39.092596	39.097918	39.102715	39.103440	39.104851	39.105979	39.106048	39.106061	39.104931	39.106423	39.107672	39.107632	39.106827	39.104891	39.101101	39.096465	39.088846	39.077315	39.064293	39.053206	39.040224	39.030268	39.022003	39.016964	39.014948	39.013415	39.012126	39.010459	39.008134	39.006118	39.005151	39.005069	39.004788	39.003942	39.004829	39.005836	39.004102	39.004306	39.003739	39.004224	39.002974	38.999466	38.995395	38.993984	38.990961	38.991082	38.991727	38.993180	38.996928	38.998299	39.001807	39.008176	39.007611	39.004911	39.005919	39.004547	39.005959	39.006322	39.008500	39.012248	39.018214	39.020391	39.017771	39.017529	39.008659	38.995838	38.987211	38.987373	38.987737	38.987657	38.988545	38.991246	38.994592	39.000800	39.002171	39.000961	39.000316	38.999227	38.999590	39.002734	39.011442	39.017490	39.027609	39.033334	39.033779	39.032246	39.034544	39.047245	39.065951	39.079538	39.096471	39.109817	39.120299	39.118646	39.118484	39.115460	39.113847	39.112638	39.113242	39.109936	39.110500	39.110057	39.110018	39.108607	
53.795314	53.794152	53.795314	53.795263	53.796375	53.797233	53.797739	53.798042	53.798092	53.797840	53.796779	53.795516	53.795566	53.794405	53.793495	53.792435	53.791727	53.791071	53.790515	53.790364	53.790162	53.788899	53.787383	53.786474	53.786070	53.788495	53.795516	53.800466	53.804659	53.808952	53.811377	53.816024	53.821783	53.824056	53.829208	53.854465	53.896846	53.929174	53.961755	53.976758	53.984790	53.998226	54.002823	53.992165	53.980748	53.970949	53.967261	53.964786	53.970444	53.976404	53.972111	53.961200	53.951905	53.942813	53.932963	53.924578	53.916344	53.909525	53.903261	53.897149	53.891491	53.885935	53.881944	53.877550	53.872700	53.869013	53.864871	53.861789	53.856890	53.849919	53.842695	53.839513	53.836432	53.833603	53.830067	53.830370	53.830673	53.831077	53.830370	53.830320	53.828703	53.826784	53.824763	53.823803	53.822945	53.822591	53.821682	53.821328	53.820975	53.819207	53.818247	53.817994	53.815570	53.812488	53.808750	53.806174	53.803851	53.804305	53.804810	53.805669	53.806225	53.805012	53.805972	53.804709	53.803699	53.804103	53.804204	53.804810	53.804305	53.803497	53.804002	53.803396	53.803042	53.803295	53.801982	53.801224	53.799759	53.798042	53.797486	53.796526	53.796324	53.799254	53.803244	53.806124	53.805568	53.804709	53.804103	53.803042	53.802689	53.802335	53.802386	53.801830	53.801679	53.801780	53.803143	53.802992	53.804356	53.806528	53.809963	53.814610	53.817994	53.819560	53.820470	53.820621	53.820924	53.821429	53.823753	53.824511	53.824561	53.824258	53.823753	53.823753	53.823096	53.823298	53.825824	53.827895	53.829562	53.832391	53.834007	53.834866	53.834815	53.835270	53.835169	53.835118	53.833603	53.831431	53.825975	53.824561	53.824965	53.823197	53.822238	53.825066	53.826986	53.828047	53.828400	53.829107	53.829511	53.830522	53.830673	53.831279	53.832138	53.832795	53.833704	53.833957	53.834310	53.835118	53.834512	53.834866	53.832138	53.829360	53.823803	53.822743	53.823046	53.821631	53.818297	53.816833	53.822541	53.824056	53.825571	53.826380	53.827036	53.827541	53.827440	53.826986	53.827289	53.827895	53.828350	53.828552	53.827946	53.827592	53.826380	53.825773	53.823500	53.820166	53.816631	53.813044	53.809155	53.806629	53.804103	53.802184	53.801527	53.800870	53.800668	53.800214	53.800062	53.799405	53.798850	53.798294	53.798799	53.798799	53.798345	53.798042	53.798496	53.798143	53.798294	53.798042	53.797587	53.796526	53.795364	53.794405	53.793243	53.793091	53.793091	53.793798	53.794556	53.794809	53.795870	53.797536	53.797486	53.796627	53.796678	53.796829	53.797233	53.797284	53.797991	53.798749	53.800264	53.800921	53.800517	53.800113	53.797941	53.793596	53.790768	53.790566	53.790515	53.789757	53.789909	53.790667	53.791172	53.793697	53.793849	53.794203	53.793546	53.793091	53.793445	53.794102	53.797435	53.799355	53.800315	53.801830	53.802537	53.801881	53.802537	53.807841	53.813549	53.816226	53.818398	53.822844	53.826885	53.827339	53.827289	53.826228	53.825268	53.824612	53.823904	53.823500	53.823046	53.823450	53.823248	53.823803	
Standard deviation on slope cm/km
2.000000
Standard deviation on height cm
3.789274
Standard deviation on width m
2.000000
