A0 [m2] 
0.000000	0.000000	0.000000	0.000000	
qtrue, [m2/s] 
0 
ntrue [-] 
NaN 
Qtrue [m3/s] 
203.5981  185.4753  223.9863  228.2338  168.4852  167.0694
203.5981  185.4753  223.9863  228.2338  168.4852  167.0694
203.5981  185.4753  223.9863  228.2338  168.4852  167.0694
203.5981  185.4753  223.9863  228.2338  168.4852  167.0694
dA, m2 
0.000000	-1.124564	7.482463	10.747902	-9.675937	-8.031155	
0.000000	-26.769782	-1.778621	2.598130	-40.602234	-28.771448	
0.000000	10.392762	39.213013	41.917591	8.435340	20.040136	
0.000000	-3.384330	10.362504	7.232815	-12.201421	-14.785544	
h,m 
84.993803	84.979782	85.087093	85.127806	84.873165	84.893672	
79.739515	79.419916	79.718281	79.770534	79.254773	79.396018	
74.092614	74.193953	74.474976	74.501348	74.174866	74.288023	
69.810047	69.767851	69.939247	69.900226	69.657920	69.625701	
W,m 
80.206315	80.206315	80.206315	80.206315	80.206315	80.206315	
83.760473	83.760473	83.760473	83.760473	83.760473	83.760473	
102.554841	102.554841	102.554841	102.554841	102.554841	102.554841	
80.205245	80.205245	80.205245	80.205245	80.205245	80.205245	
